Date,Open,High,Low,Close,Volume,Ex-Dividend,Split Ratio,Adj. Open,Adj. High,Adj. Low,Adj. Close,Adj. Volume
2015-04-16,29.82,29.865,29.48,29.52,2001465.0,0.0,1.0,29.82,29.865,29.48,29.52,2001465.0
2015-04-15,29.17,30.03,29.05,29.95,2523171.0,0.0,1.0,29.17,30.03,29.05,29.95,2523171.0
2015-04-14,28.74,29.09,28.58,29.06,799888.0,0.0,1.0,28.74,29.09,28.58,29.06,799888.0
2015-04-13,28.64,29.07,28.55,28.71,930237.0,0.0,1.0,28.64,29.07,28.55,28.71,930237.0
2015-04-10,28.77,28.92,28.47,28.62,1223626.0,0.0,1.0,28.77,28.92,28.47,28.62,1223626.0
2015-04-09,28.46,28.73,28.233,28.69,1511257.0,0.0,1.0,28.46,28.73,28.233,28.69,1511257.0
2015-04-08,28.72,28.89,28.28,28.47,1745672.0,0.0,1.0,28.72,28.89,28.28,28.47,1745672.0
2015-04-07,29.06,29.1,28.66,28.66,1426102.0,0.0,1.0,29.06,29.1,28.66,28.66,1426102.0
2015-04-06,28.36,29.24,28.32,29.12,1193015.0,0.0,1.0,28.36,29.24,28.32,29.12,1193015.0
2015-04-02,28.37,29.06,28.29,28.44,892352.0,0.0,1.0,28.37,29.06,28.29,28.44,892352.0
2015-04-01,28.43,28.64,28.28,28.4,1314387.0,0.0,1.0,28.43,28.64,28.28,28.4,1314387.0
2015-03-31,28.62,28.68,28.32,28.53,1626979.0,0.0,1.0,28.62,28.68,28.32,28.53,1626979.0
2015-03-30,28.22,28.84,28.21,28.83,1533108.0,0.0,1.0,28.22,28.84,28.21,28.83,1533108.0
2015-03-27,28.16,28.256,27.63,28.01,1410998.0,0.0,1.0,28.16,28.256,27.63,28.01,1410998.0
2015-03-26,27.83,28.39,27.83,28.24,1699771.0,0.0,1.0,27.83,28.39,27.83,28.24,1699771.0
2015-03-25,28.35,28.35,27.845,27.85,1119422.0,0.0,1.0,28.35,28.35,27.845,27.85,1119422.0
2015-03-24,28.34,28.48,28.08,28.22,996663.0,0.0,1.0,28.34,28.48,28.08,28.22,996663.0
2015-03-23,28.04,28.51,28.03,28.31,1460443.0,0.0,1.0,28.04,28.51,28.03,28.31,1460443.0
2015-03-20,28.09,28.49,27.9,28.04,2789437.0,0.0,1.0,28.09,28.49,27.9,28.04,2789437.0
2015-03-19,28.19,28.21,27.605,27.82,1210021.0,0.0,1.0,28.19,28.21,27.605,27.82,1210021.0
2015-03-18,27.83,28.53,27.53,28.39,1828721.0,0.0,1.0,27.83,28.53,27.53,28.39,1828721.0
2015-03-17,28.0,28.16,27.84,27.98,1120474.0,0.0,1.0,28.0,28.16,27.84,27.98,1120474.0
2015-03-16,27.82,28.16,27.62,28.16,2346409.0,0.0,1.0,27.82,28.16,27.62,28.16,2346409.0
2015-03-13,28.01,28.02,27.5276,27.67,2482728.0,0.0,1.0,28.01,28.02,27.5276,27.67,2482728.0
2015-03-12,28.07,28.33,28.01,28.14,1939514.0,0.0,1.0,28.07,28.33,28.01,28.14,1939514.0
2015-03-11,28.15,28.25,27.965,28.14,1127445.0,0.0,1.0,28.15,28.25,27.965,28.14,1127445.0
2015-03-10,28.13,28.44,28.05,28.13,2330421.0,0.0,1.0,28.13,28.44,28.05,28.13,2330421.0
2015-03-09,28.32,28.5,28.171,28.39,1152661.0,0.0,1.0,28.32,28.5,28.171,28.39,1152661.0
2015-03-06,28.48,28.93,28.24,28.33,1488764.0,0.0,1.0,28.48,28.93,28.24,28.33,1488764.0
2015-03-05,28.63,28.75,28.39,28.7,1055061.0,0.0,1.0,28.63,28.75,28.39,28.7,1055061.0
2015-03-04,28.54,28.725,28.32,28.6,1851451.0,0.0,1.0,28.54,28.725,28.32,28.6,1851451.0
2015-03-03,28.61,28.82,28.553,28.7,1781581.0,0.0,1.0,28.61,28.82,28.553,28.7,1781581.0
2015-03-02,28.76,28.83,28.45,28.66,2868657.0,0.0,1.0,28.76,28.83,28.45,28.66,2868657.0
2015-02-27,28.91,28.99,28.592,28.78,1530054.0,0.0,1.0,28.91,28.99,28.592,28.78,1530054.0
2015-02-26,29.08,29.2,28.74,28.86,1626036.0,0.0,1.0,29.08,29.2,28.74,28.86,1626036.0
2015-02-25,29.14,29.22,28.85,29.14,1354725.0,0.0,1.0,29.14,29.22,28.85,29.14,1354725.0
2015-02-24,28.78,29.19,28.725,29.04,2004143.0,0.0,1.0,28.78,29.19,28.725,29.04,2004143.0
2015-02-23,29.51,29.56,28.63,28.76,3182532.0,0.0,1.0,29.51,29.56,28.63,28.76,3182532.0
2015-02-20,29.57,29.64,28.64,29.51,3703085.0,0.0,1.0,29.57,29.64,28.64,29.51,3703085.0
2015-02-19,28.905,29.94,28.75,29.61,2957506.0,0.0,1.0,28.905,29.94,28.75,29.61,2957506.0
2015-02-18,28.76,29.42,28.5901,29.38,3708212.0,0.0,1.0,28.76,29.42,28.5901,29.38,3708212.0
2015-02-17,28.77,28.78,28.1,28.68,3386650.0,0.0,1.0,28.77,28.78,28.1,28.68,3386650.0
2015-02-13,29.0,29.16,28.64,28.76,2880762.0,0.0,1.0,29.0,29.16,28.64,28.76,2880762.0
2015-02-12,28.66,29.0099,28.61,28.86,1121092.0,0.0,1.0,28.66,29.0099,28.61,28.86,1121092.0
2015-02-11,28.38,28.67,28.23,28.53,1627396.0,0.0,1.0,28.38,28.67,28.23,28.53,1627396.0
2015-02-10,28.95,28.96,28.23,28.6,1122248.0,0.0,1.0,28.95,28.96,28.23,28.6,1122248.0
2015-02-09,28.95,29.17,28.63,28.75,1649674.0,0.0,1.0,28.95,29.17,28.63,28.75,1649674.0
2015-02-04,29.06,29.17,28.12,28.23,2483195.0,0.0,1.0,29.06,29.17,28.12,28.23,2483195.0
2015-02-03,28.47,29.32,28.47,29.02,3135504.0,0.0,1.0,28.47,29.32,28.47,29.02,3135504.0
2015-02-02,26.75,28.25,26.645,28.15,3083260.0,0.0,1.0,26.75,28.25,26.645,28.15,3083260.0
2015-01-30,26.54,26.83,26.26,26.48,1880826.0,0.0,1.0,26.54,26.83,26.26,26.48,1880826.0
2015-01-29,26.49,26.895,25.87,26.79,2643984.0,0.0,1.0,26.49,26.895,25.87,26.79,2643984.0
2015-01-28,27.44,27.62,26.28,26.32,2657346.0,0.0,1.0,27.44,27.62,26.28,26.32,2657346.0
2015-01-26,27.33,27.69,27.07,27.56,2119892.0,0.0,1.0,27.33,27.69,27.07,27.56,2119892.0
2015-01-23,27.04,27.685,26.93,27.35,2205180.0,0.0,1.0,27.04,27.685,26.93,27.35,2205180.0
2015-01-22,27.33,27.48,27.01,27.24,2207017.0,0.0,1.0,27.33,27.48,27.01,27.24,2207017.0
2015-01-21,26.38,27.21,26.34,27.17,2740570.0,0.0,1.0,26.38,27.21,26.34,27.17,2740570.0
2015-01-20,26.5,26.55,25.898,26.38,2131490.0,0.0,1.0,26.5,26.55,25.898,26.38,2131490.0
2015-01-15,26.55,26.86,25.74,25.79,3484245.0,0.0,1.0,26.55,26.86,25.74,25.79,3484245.0
2015-01-14,26.04,26.48,25.721,26.34,2918349.0,0.0,1.0,26.04,26.48,25.721,26.34,2918349.0
2015-01-13,27.005,27.22,26.25,26.47,3337498.0,0.0,1.0,27.005,27.22,26.25,26.47,3337498.0
2015-01-12,27.54,27.55,26.555,26.68,2885236.0,0.0,1.0,27.54,27.55,26.555,26.68,2885236.0
2015-01-08,27.45,28.1,27.14,28.02,4003081.0,0.0,1.0,27.45,28.1,27.14,28.02,4003081.0
2015-01-06,27.61,27.85,27.04,27.21,3369524.0,0.0,1.0,27.61,27.85,27.04,27.21,3369524.0
2015-01-05,28.13,28.18,27.45,27.55,2294820.0,0.0,1.0,28.13,28.18,27.45,27.55,2294820.0
2015-01-02,28.55,28.68,28.05,28.35,1266961.0,0.0,1.0,28.55,28.68,28.05,28.35,1266961.0
2014-12-31,28.67,28.82,28.25,28.39,1618043.0,0.0,1.0,28.67,28.82,28.25,28.39,1618043.0
2014-12-30,28.49,28.75,28.17,28.54,1835711.0,0.0,1.0,28.49,28.75,28.17,28.54,1835711.0
2014-12-26,28.29,28.44,28.08,28.1,1213258.0,0.0,1.0,28.29,28.44,28.08,28.1,1213258.0
2014-12-24,28.09,28.25,27.82,28.08,854632.0,0.0,1.0,28.09,28.25,27.82,28.08,854632.0
2014-12-23,27.7,28.28,27.58,28.07,2625921.0,0.0,1.0,27.7,28.28,27.58,28.07,2625921.0
2014-12-22,27.64,27.694,27.15,27.44,2617846.0,0.0,1.0,27.64,27.694,27.15,27.44,2617846.0
2014-12-19,27.32,27.65,27.0,27.61,3954624.0,0.0,1.0,27.32,27.65,27.0,27.61,3954624.0
2014-12-18,27.27,27.74,26.9201,27.13,3836355.0,0.0,1.0,27.27,27.74,26.9201,27.13,3836355.0
2014-12-17,25.53,26.76,25.3436,26.63,4768374.0,0.0,1.0,25.53,26.76,25.3436,26.63,4768374.0
2014-12-16,25.67,26.42,25.52,25.53,2899018.0,0.0,1.0,25.67,26.42,25.52,25.53,2899018.0
2014-12-15,26.9,27.13,25.685,25.85,4837822.0,0.0,1.0,26.9,27.13,25.685,25.85,4837822.0
2014-12-10,29.57,29.67,28.28,28.29,2192513.0,0.0,1.0,29.57,29.67,28.28,28.29,2192513.0
2014-12-09,28.97,29.79,28.93,29.74,2052199.0,0.0,1.0,28.97,29.79,28.93,29.74,2052199.0
2014-12-05,29.71,30.25,29.63,30.02,1838132.0,0.0,1.0,29.71,30.25,29.63,30.02,1838132.0
2014-12-04,29.57,29.87,28.95,29.62,2793272.0,0.0,1.0,29.57,29.87,28.95,29.62,2793272.0
2014-12-02,28.34,29.33,28.12,29.21,2595665.0,0.0,1.0,28.34,29.33,28.12,29.21,2595665.0
2014-12-01,29.71,29.79,27.88,28.5,6688503.0,0.0,1.0,29.71,29.79,27.88,28.5,6688503.0
2014-11-28,33.31,33.3684,30.24,30.5,3645663.0,0.0,1.0,33.31,33.3684,30.24,30.5,3645663.0
2014-11-26,33.82,33.86,33.42,33.51,1012352.0,0.0,1.0,33.82,33.86,33.42,33.51,1012352.0
2014-11-25,33.77,33.97,33.532,33.79,1105984.0,0.0,1.0,33.77,33.97,33.532,33.79,1105984.0
2014-11-24,33.22,33.72,33.22,33.58,1186945.0,0.0,1.0,33.22,33.72,33.22,33.58,1186945.0
2014-11-21,33.56,33.7161,33.2,33.29,1293727.0,0.0,1.0,33.56,33.7161,33.2,33.29,1293727.0
2014-11-20,32.34,33.11,32.29,33.11,1403441.0,0.0,1.0,32.34,33.11,32.29,33.11,1403441.0
2014-11-19,33.34,33.37,32.465,32.61,2147431.0,0.0,1.0,33.34,33.37,32.465,32.61,2147431.0
2014-11-18,33.25,33.64,33.2,33.37,1458887.0,0.0,1.0,33.25,33.64,33.2,33.37,1458887.0
2014-11-17,33.04,33.36,32.92,33.17,1377854.0,0.0,1.0,33.04,33.36,32.92,33.17,1377854.0
2014-11-14,33.59,33.59,33.06,33.16,2086359.0,0.0,1.0,33.59,33.59,33.06,33.16,2086359.0
2014-11-13,34.05,34.29,33.5456,33.65,1206329.0,0.0,1.0,34.05,34.29,33.5456,33.65,1206329.0
2014-11-12,34.09,34.16,33.69,34.09,1097757.0,0.0,1.0,34.09,34.16,33.69,34.09,1097757.0
2014-11-11,33.8,34.09,33.61,34.08,1210206.0,0.0,1.0,33.8,34.09,33.61,34.08,1210206.0
2014-11-10,33.99,34.3,33.62,33.8,1451785.0,0.0,1.0,33.99,34.3,33.62,33.8,1451785.0
2014-11-07,33.9,34.07,33.73,33.92,1651828.0,0.0,1.0,33.9,34.07,33.73,33.92,1651828.0
2014-11-06,33.3,34.34,33.11,33.95,3083691.0,0.0,1.0,33.3,34.34,33.11,33.95,3083691.0
2014-11-04,33.77,33.7665,33.0,33.0,2144206.0,0.0,1.0,33.77,33.7665,33.0,33.0,2144206.0
2014-11-03,34.15,34.18,33.69,33.77,1332184.0,0.0,1.0,34.15,34.18,33.69,33.77,1332184.0
2014-10-31,33.75,34.09,33.36,34.08,1967927.0,0.0,1.0,33.75,34.09,33.36,34.08,1967927.0
2014-10-30,32.7,33.17,32.55,33.14,909126.0,0.0,1.0,32.7,33.17,32.55,33.14,909126.0
2014-10-29,33.07,33.14,32.44,32.82,1229444.0,0.0,1.0,33.07,33.14,32.44,32.82,1229444.0
2014-10-28,32.8,33.11,32.54,33.11,1369761.0,0.0,1.0,32.8,33.11,32.54,33.11,1369761.0
2014-10-27,32.75,32.82,32.35,32.69,923612.0,0.0,1.0,32.75,32.82,32.35,32.69,923612.0
2014-10-24,32.49,32.86,32.4,32.82,1007452.0,0.0,1.0,32.49,32.86,32.4,32.82,1007452.0
2014-10-23,32.32,32.85,32.3295,32.47,1246364.0,0.0,1.0,32.32,32.85,32.3295,32.47,1246364.0
2014-10-22,32.7,32.82,31.98,31.99,1498662.0,0.0,1.0,32.7,32.82,31.98,31.99,1498662.0
2014-10-21,31.71,32.76,31.65,32.65,1797231.0,0.0,1.0,31.71,32.76,31.65,32.65,1797231.0
2014-10-20,31.35,31.45,31.06,31.44,1393040.0,0.0,1.0,31.35,31.45,31.06,31.44,1393040.0
2014-10-17,30.74,31.675,30.72,31.48,2434709.0,0.0,1.0,30.74,31.675,30.72,31.48,2434709.0
2014-10-16,30.02,30.71,30.01,30.37,2823837.0,0.0,1.0,30.02,30.71,30.01,30.37,2823837.0
2014-10-15,29.99,30.85,29.47,30.68,2337169.0,0.0,1.0,29.99,30.85,29.47,30.68,2337169.0
2014-10-14,31.43,31.66,30.54,30.63,3013898.0,0.0,1.0,31.43,31.66,30.54,30.63,3013898.0
2014-10-13,32.24,32.52,31.24,31.25,2970865.0,0.0,1.0,32.24,32.52,31.24,31.25,2970865.0
2014-10-10,33.25,33.3699,32.1,32.15,3725703.0,0.0,1.0,33.25,33.3699,32.1,32.15,3725703.0
2014-10-09,34.81,34.96,33.37,33.38,2919951.0,0.0,1.0,34.81,34.96,33.37,33.38,2919951.0
2014-10-08,34.39,34.97,34.06,34.86,1343391.0,0.0,1.0,34.39,34.97,34.06,34.86,1343391.0
2014-10-07,34.915,35.0,34.33,34.34,1294103.0,0.0,1.0,34.915,35.0,34.33,34.34,1294103.0
2014-10-06,35.71,35.78,35.01,35.26,1039178.0,0.0,1.0,35.71,35.78,35.01,35.26,1039178.0
2014-10-03,35.56,35.67,35.32,35.6,925669.0,0.0,1.0,35.56,35.67,35.32,35.6,925669.0
2014-10-01,36.23,36.34,35.06,35.1,1697123.0,0.0,1.0,36.23,36.34,35.06,35.1,1697123.0
2014-09-30,36.53,36.93,36.24,36.29,1637938.0,0.0,1.0,36.53,36.93,36.24,36.29,1637938.0
2014-09-29,36.035,36.39,35.87,36.34,1189393.0,0.0,1.0,36.035,36.39,35.87,36.34,1189393.0
2014-09-26,36.27,36.48,36.175,36.35,1016137.0,0.0,1.0,36.27,36.48,36.175,36.35,1016137.0
2014-09-25,36.91,36.94,36.19,36.22,923991.0,0.0,1.0,36.91,36.94,36.19,36.22,923991.0
2014-09-24,36.86,37.095,36.72,37.0,884869.0,0.0,1.0,36.86,37.095,36.72,37.0,884869.0
2014-09-23,36.87,37.11,36.79,36.85,1563145.0,0.0,1.0,36.87,37.11,36.79,36.85,1563145.0
2014-09-22,36.96,37.155,36.84,37.14,1453571.0,0.0,1.0,36.96,37.155,36.84,37.14,1453571.0
2014-09-19,37.24,37.45,36.93,37.01,1693072.0,0.0,1.0,37.24,37.45,36.93,37.01,1693072.0
2014-09-18,37.02,37.3299,36.82,37.05,1078522.0,0.0,1.0,37.02,37.3299,36.82,37.05,1078522.0
2014-09-17,37.04,37.35,36.81,36.98,725872.0,0.0,1.0,37.04,37.35,36.81,36.98,725872.0
2014-09-16,36.31,36.89,36.26,36.79,664277.0,0.0,1.0,36.31,36.89,36.26,36.79,664277.0
2014-09-15,36.51,36.63,36.29,36.54,617303.0,0.0,1.0,36.51,36.63,36.29,36.54,617303.0
2014-09-12,37.01,37.03,36.4,36.54,894753.0,0.0,1.0,37.01,37.03,36.4,36.54,894753.0
2014-09-11,36.77,37.26,36.74,37.11,706527.0,0.0,1.0,36.77,37.26,36.74,37.11,706527.0
2014-09-10,36.88,37.082,36.69,36.91,775430.0,0.0,1.0,36.88,37.082,36.69,36.91,775430.0
2014-09-09,37.11,37.13,36.79,36.89,694320.0,0.0,1.0,37.11,37.13,36.79,36.89,694320.0
2014-09-08,37.05,37.23,36.96,37.12,685983.0,0.0,1.0,37.05,37.23,36.96,37.12,685983.0
2014-09-05,36.82,37.035,36.65,37.01,896163.0,0.0,1.0,36.82,37.035,36.65,37.01,896163.0
2014-09-04,37.2,37.43,36.8,36.92,900090.0,0.0,1.0,37.2,37.43,36.8,36.92,900090.0
2014-09-03,37.29,37.49,37.05,37.2,1351889.0,0.0,1.0,37.29,37.49,37.05,37.2,1351889.0
2014-09-02,36.6,37.1232,36.5,36.96,2235823.0,0.0,1.0,36.6,37.1232,36.5,36.96,2235823.0
2014-08-29,36.22,36.41,36.01,36.34,832183.0,0.0,1.0,36.22,36.41,36.01,36.34,832183.0
2014-08-28,35.96,36.29,35.88,36.23,803401.0,0.0,1.0,35.96,36.29,35.88,36.23,803401.0
2014-08-27,36.26,36.32,35.99,36.16,605548.0,0.0,1.0,36.26,36.32,35.99,36.16,605548.0
2014-08-26,36.1,36.47,36.1,36.32,693745.0,0.0,1.0,36.1,36.47,36.1,36.32,693745.0
2014-08-25,36.41,36.48,35.99,36.08,929870.0,0.0,1.0,36.41,36.48,35.99,36.08,929870.0
2014-08-22,35.93,36.37,35.865,36.2,1384262.0,0.0,1.0,35.93,36.37,35.865,36.2,1384262.0
2014-08-21,35.38,36.06,35.22,35.99,1379820.0,0.0,1.0,35.38,36.06,35.22,35.99,1379820.0
2014-08-20,35.3,35.58,35.04,35.17,1457222.0,0.0,1.0,35.3,35.58,35.04,35.17,1457222.0
2014-08-19,35.18,35.42,35.18,35.32,923143.0,0.0,1.0,35.18,35.42,35.18,35.32,923143.0
2014-08-18,34.81,35.25,34.81,35.15,946187.0,0.0,1.0,34.81,35.25,34.81,35.15,946187.0
2014-08-15,35.11,35.3,34.51,34.59,1253453.0,0.0,1.0,35.11,35.3,34.51,34.59,1253453.0
2014-08-14,34.99,35.14,34.85,34.96,1431812.0,0.0,1.0,34.99,35.14,34.85,34.96,1431812.0
2014-08-13,34.84,34.94,34.55,34.86,1001223.0,0.0,1.0,34.84,34.94,34.55,34.86,1001223.0
2014-08-12,34.7,34.96,34.41,34.6,967157.0,0.0,1.0,34.7,34.96,34.41,34.6,967157.0
2014-08-11,34.02,35.05,33.97,34.64,2008736.0,0.0,1.0,34.02,35.05,33.97,34.64,2008736.0
2014-08-08,33.42,33.86,33.15,33.77,1239172.0,0.0,1.0,33.42,33.86,33.15,33.77,1239172.0
2014-08-07,33.77,33.83,33.165,33.36,1412830.0,0.0,1.0,33.77,33.83,33.165,33.36,1412830.0
2014-08-06,33.01,33.63,32.86,33.59,2114154.0,0.0,1.0,33.01,33.63,32.86,33.59,2114154.0
2014-08-05,33.79,33.97,33.11,33.18,2599428.0,0.0,1.0,33.79,33.97,33.11,33.18,2599428.0
2014-08-04,33.79,34.06,33.58,33.94,919202.0,0.0,1.0,33.79,34.06,33.58,33.94,919202.0
2014-08-01,33.52,34.23,33.41,33.83,1530311.0,0.0,1.0,33.52,34.23,33.41,33.83,1530311.0
2014-07-31,34.44,35.42,33.35,33.49,3756252.0,0.0,1.0,34.44,35.42,33.35,33.49,3756252.0
2014-07-30,34.61,35.01,34.448,34.97,2084090.0,0.0,1.0,34.61,35.01,34.448,34.97,2084090.0
2014-07-29,34.91,35.06,34.45,34.45,796755.0,0.0,1.0,34.91,35.06,34.45,34.45,796755.0
2014-07-28,34.81,35.0199,34.45,34.95,1156401.0,0.0,1.0,34.81,35.0199,34.45,34.95,1156401.0
2014-07-25,34.89,34.95,34.6,34.89,1054480.0,0.0,1.0,34.89,34.95,34.6,34.89,1054480.0
2014-07-24,35.41,35.49,34.77,34.97,1423218.0,0.0,1.0,35.41,35.49,34.77,34.97,1423218.0
2014-07-23,35.48,35.64,35.08,35.34,1175403.0,0.0,1.0,35.48,35.64,35.08,35.34,1175403.0
2014-07-22,35.35,35.68,35.24,35.54,1063066.0,0.0,1.0,35.35,35.68,35.24,35.54,1063066.0
2014-07-21,34.93,35.26,34.84,35.18,817125.0,0.0,1.0,34.93,35.26,34.84,35.18,817125.0
2014-07-18,34.63,35.145,34.63,35.1,1027355.0,0.0,1.0,34.63,35.145,34.63,35.1,1027355.0
2014-07-17,34.95,35.08,34.57,34.65,975244.0,0.0,1.0,34.95,35.08,34.57,34.65,975244.0
2014-07-16,34.94,35.11,34.69,35.01,596776.0,0.0,1.0,34.94,35.11,34.69,35.01,596776.0
2014-07-15,34.81,35.1753,34.71,34.88,790445.0,0.0,1.0,34.81,35.1753,34.71,34.88,790445.0
2014-07-14,35.13,35.1,34.89,34.96,1059354.0,0.0,1.0,35.13,35.1,34.89,34.96,1059354.0
2014-07-11,34.59,34.84,34.305,34.83,822714.0,0.0,1.0,34.59,34.84,34.305,34.83,822714.0
2014-07-10,34.61,34.89,34.43,34.67,988569.0,0.0,1.0,34.61,34.89,34.43,34.67,988569.0
2014-07-09,35.21,35.26,34.94,35.06,868699.0,0.0,1.0,35.21,35.26,34.94,35.06,868699.0
2014-07-08,34.9,35.16,34.78,35.11,1499724.0,0.0,1.0,34.9,35.16,34.78,35.11,1499724.0
2014-07-07,35.38,35.42,34.855,35.05,1386933.0,0.0,1.0,35.38,35.42,34.855,35.05,1386933.0
2014-07-03,35.5,35.63,35.36,35.47,650575.0,0.0,1.0,35.5,35.63,35.36,35.47,650575.0
2014-07-02,35.08,35.48,35.05,35.36,1461129.0,0.0,1.0,35.08,35.48,35.05,35.36,1461129.0
2014-07-01,34.72,35.405,34.59,35.11,1839821.0,0.0,1.0,34.72,35.405,34.59,35.11,1839821.0
2014-06-30,34.78,34.75,34.45,34.58,1640701.0,0.0,1.0,34.78,34.75,34.45,34.58,1640701.0
2014-06-27,34.26,34.78,34.24,34.76,1203171.0,0.0,1.0,34.26,34.78,34.24,34.76,1203171.0
2014-06-26,34.33,34.43,34.0,34.37,1059216.0,0.0,1.0,34.33,34.43,34.0,34.37,1059216.0
2014-06-25,33.97,34.365,33.8,34.33,1300123.0,0.0,1.0,33.97,34.365,33.8,34.33,1300123.0
2014-06-24,34.52,34.59,33.97,34.03,1125826.0,0.0,1.0,34.52,34.59,33.97,34.03,1125826.0
2014-06-23,34.76,35.13,34.53,34.62,1395471.0,0.0,1.0,34.76,35.13,34.53,34.62,1395471.0
2014-06-20,34.57,34.79,34.45,34.78,1493834.0,0.0,1.0,34.57,34.79,34.45,34.78,1493834.0
2014-06-19,34.2,34.635,33.99,34.54,1682031.0,0.0,1.0,34.2,34.635,33.99,34.54,1682031.0
2014-06-18,33.91,34.03,33.51,33.98,1234621.0,0.0,1.0,33.91,34.03,33.51,33.98,1234621.0
2014-06-17,33.67,34.17,33.58,33.95,1121302.0,0.0,1.0,33.67,34.17,33.58,33.95,1121302.0
2014-06-16,33.85,34.01,33.655,33.78,1105193.0,0.0,1.0,33.85,34.01,33.655,33.78,1105193.0
2014-06-13,33.9,33.965,33.4675,33.91,1192437.0,0.0,1.0,33.9,33.965,33.4675,33.91,1192437.0
2014-06-12,34.34,34.44,33.78,33.83,1180341.0,0.0,1.0,34.34,34.44,33.78,33.83,1180341.0
2014-06-11,34.63,34.62,34.265,34.45,1364087.0,0.0,1.0,34.63,34.62,34.265,34.45,1364087.0
2014-06-10,35.22,35.275,34.59,34.7,1357115.0,0.0,1.0,35.22,35.275,34.59,34.7,1357115.0
2014-06-09,34.68,35.42,34.57,35.39,2439531.0,0.0,1.0,34.68,35.42,34.57,35.39,2439531.0
2014-06-06,34.445,34.89,34.34,34.6,1252423.0,0.0,1.0,34.445,34.89,34.34,34.6,1252423.0
2014-06-05,33.67,34.425,33.6,34.4,2222821.0,0.0,1.0,33.67,34.425,33.6,34.4,2222821.0
2014-06-04,33.49,33.715,33.37,33.56,1669883.0,0.0,1.0,33.49,33.715,33.37,33.56,1669883.0
2014-06-03,33.4,33.58,33.22,33.57,1631593.0,0.0,1.0,33.4,33.58,33.22,33.57,1631593.0
2014-06-02,33.65,33.96,33.32,33.43,2075148.0,0.0,1.0,33.65,33.96,33.32,33.43,2075148.0
2014-05-30,34.07,34.08,33.72,33.95,1736840.0,0.0,1.0,34.07,34.08,33.72,33.95,1736840.0
2014-05-29,34.24,34.34,33.96,34.09,1713443.0,0.0,1.0,34.24,34.34,33.96,34.09,1713443.0
2014-05-28,33.79,34.3,33.76,34.12,2524190.0,0.0,1.0,33.79,34.3,33.76,34.12,2524190.0
2014-05-27,33.36,33.86,33.31,33.66,2045991.0,0.0,1.0,33.36,33.86,33.31,33.66,2045991.0
2014-05-23,33.0,33.37,32.96,33.2,1765523.0,0.0,1.0,33.0,33.37,32.96,33.2,1765523.0
2014-05-22,32.75,33.1,32.6,33.0,1064014.0,0.0,1.0,32.75,33.1,32.6,33.0,1064014.0
2014-05-21,32.75,32.9,32.59,32.74,792598.0,0.0,1.0,32.75,32.9,32.59,32.74,792598.0
2014-05-20,33.14,33.22,32.5,32.6,1797154.0,0.0,1.0,33.14,33.22,32.5,32.6,1797154.0
2014-05-19,32.61,33.18,32.59,33.14,2476602.0,0.0,1.0,32.61,33.18,32.59,33.14,2476602.0
2014-05-16,33.03,33.06,32.59,32.81,1816935.0,0.0,1.0,33.03,33.06,32.59,32.81,1816935.0
2014-05-15,33.27,33.37,32.53,33.01,1863923.0,0.0,1.0,33.27,33.37,32.53,33.01,1863923.0
2014-05-14,34.005,34.1,33.31,33.35,2182360.0,0.0,1.0,34.005,34.1,33.31,33.35,2182360.0
2014-05-13,33.9,34.17,33.74,34.11,2715877.0,0.0,1.0,33.9,34.17,33.74,34.11,2715877.0
2014-05-12,33.81,33.96,33.61,33.78,3930859.0,0.0,1.0,33.81,33.96,33.61,33.78,3930859.0
2014-05-09,33.9,34.0,33.24,33.55,2816768.0,0.0,1.0,33.9,34.0,33.24,33.55,2816768.0
2014-05-08,34.16,34.6,33.87,34.01,1957017.0,0.0,1.0,34.16,34.6,33.87,34.01,1957017.0
2014-05-07,34.24,34.26,33.6,34.19,1875237.0,0.0,1.0,34.24,34.26,33.6,34.19,1875237.0
2014-05-06,34.44,34.69,34.03,34.04,1953913.0,0.0,1.0,34.44,34.69,34.03,34.04,1953913.0
2014-05-05,34.48,34.63,34.16,34.6,1695135.0,0.0,1.0,34.48,34.63,34.16,34.6,1695135.0
2014-05-02,35.185,35.26,34.51,34.63,2090922.0,0.0,1.0,35.185,35.26,34.51,34.63,2090922.0
2014-04-30,34.69,35.36,34.44,35.28,2769595.0,0.0,1.0,34.69,35.36,34.44,35.28,2769595.0
2014-04-29,34.9,34.96,34.47,34.74,1784144.0,0.0,1.0,34.9,34.96,34.47,34.74,1784144.0
2014-04-28,35.51,35.56,34.4384,34.89,1689744.0,0.0,1.0,35.51,35.56,34.4384,34.89,1689744.0
2014-04-25,35.76,35.82,35.08,35.2,1793469.0,0.0,1.0,35.76,35.82,35.08,35.2,1793469.0
2014-04-24,35.98,36.11,35.57,35.7,1209713.0,0.0,1.0,35.98,36.11,35.57,35.7,1209713.0
2014-04-23,36.04,36.16,35.85,35.94,1411148.0,0.0,1.0,36.04,36.16,35.85,35.94,1411148.0
2014-04-22,36.19,36.48,36.065,36.08,1672631.0,0.0,1.0,36.19,36.48,36.065,36.08,1672631.0
2014-04-21,36.66,36.67,35.76,36.23,1822974.0,0.0,1.0,36.66,36.67,35.76,36.23,1822974.0
2014-04-17,35.75,36.68,35.59,36.64,1515518.0,0.0,1.0,35.75,36.68,35.59,36.64,1515518.0
2014-04-16,35.64,36.04,35.58,35.83,1272746.0,0.0,1.0,35.64,36.04,35.58,35.83,1272746.0
2014-04-15,35.1,35.56,34.61,35.32,1916334.0,0.0,1.0,35.1,35.56,34.61,35.32,1916334.0
2014-04-14,35.64,35.65,34.83,35.15,1969749.0,0.0,1.0,35.64,35.65,34.83,35.15,1969749.0
2014-04-11,35.91,35.98,35.27,35.28,2015609.0,0.0,1.0,35.91,35.98,35.27,35.28,2015609.0
2014-04-10,36.46,36.67,35.94,36.08,1408241.0,0.0,1.0,36.46,36.67,35.94,36.08,1408241.0
2014-04-09,35.91,36.5,35.78,36.48,1333700.0,0.0,1.0,35.91,36.5,35.78,36.48,1333700.0
2014-04-08,35.62,35.91,35.37,35.74,1230300.0,0.0,1.0,35.62,35.91,35.37,35.74,1230300.0
2014-04-07,36.47,36.56,35.42,35.58,1872400.0,0.0,1.0,36.47,36.56,35.42,35.58,1872400.0
2014-04-04,37.03,37.42,36.4,36.45,1658100.0,0.0,1.0,37.03,37.42,36.4,36.45,1658100.0
2014-04-03,37.12,37.12,36.62,36.83,3511000.0,0.0,1.0,37.12,37.12,36.62,36.83,3511000.0
2014-04-02,37.07,37.12,36.78,37.0,1276400.0,0.0,1.0,37.07,37.12,36.78,37.0,1276400.0
2014-04-01,37.0,37.08,36.66,37.04,1062000.0,0.0,1.0,37.0,37.08,36.66,37.04,1062000.0
2014-03-31,37.23,37.23,36.71,36.9,1697600.0,0.0,1.0,37.23,37.23,36.71,36.9,1697600.0
2014-03-28,36.28,37.02,36.23,36.86,1370100.0,0.0,1.0,36.28,37.02,36.23,36.86,1370100.0
2014-03-27,35.95,36.3,35.89,36.1,1509300.0,0.0,1.0,35.95,36.3,35.89,36.1,1509300.0
2014-03-26,36.53,36.72,36.26,36.3,1417500.0,0.0,1.0,36.53,36.72,36.26,36.3,1417500.0
2014-03-25,36.61,36.91,36.12,36.35,2244500.0,0.0,1.0,36.61,36.91,36.12,36.35,2244500.0
2014-03-24,36.99,37.14,36.35,36.47,1493700.0,0.0,1.0,36.99,37.14,36.35,36.47,1493700.0
2014-03-21,36.8,37.28,36.62,36.78,3860500.0,0.0,1.0,36.8,37.28,36.62,36.78,3860500.0
2014-03-20,36.12,36.59,35.89,36.57,1573800.0,0.0,1.0,36.12,36.59,35.89,36.57,1573800.0
2014-03-19,36.15,36.61,35.97,36.12,2128700.0,0.0,1.0,36.15,36.61,35.97,36.12,2128700.0
2014-03-18,35.94,36.19,35.88,36.15,1612200.0,0.0,1.0,35.94,36.19,35.88,36.15,1612200.0
2014-03-17,35.54,36.48,35.54,35.83,2148800.0,0.0,1.0,35.54,36.48,35.54,35.83,2148800.0
2014-03-14,35.24,35.63,35.19,35.35,854000.0,0.0,1.0,35.24,35.63,35.19,35.35,854000.0
2014-03-13,35.63,35.72,34.99,35.27,2065700.0,0.0,1.0,35.63,35.72,34.99,35.27,2065700.0
2014-03-12,35.75,35.78,35.33,35.46,2298300.0,0.0,1.0,35.75,35.78,35.33,35.46,2298300.0
2014-03-11,36.21,36.41,35.69,35.94,1176300.0,0.0,1.0,36.21,36.41,35.69,35.94,1176300.0
2014-03-10,36.55,36.9,36.04,36.15,1595100.0,0.0,1.0,36.55,36.9,36.04,36.15,1595100.0
2014-03-07,36.77,36.77,36.28,36.51,2054800.0,0.0,1.0,36.77,36.77,36.28,36.51,2054800.0
2014-03-06,35.8,36.59,35.8,36.43,2286400.0,0.0,1.0,35.8,36.59,35.8,36.43,2286400.0
2014-03-05,35.8,35.84,35.55,35.8,1990700.0,0.0,1.0,35.8,35.84,35.55,35.8,1990700.0
2014-03-04,35.76,35.88,35.45,35.86,2058900.0,0.0,1.0,35.76,35.88,35.45,35.86,2058900.0
2014-03-03,34.83,35.55,34.78,35.37,1883900.0,0.0,1.0,34.83,35.55,34.78,35.37,1883900.0
2014-02-28,35.01,35.52,34.86,35.21,1379000.0,0.0,1.0,35.01,35.52,34.86,35.21,1379000.0
2014-02-27,34.76,35.23,34.64,35.01,1531300.0,0.0,1.0,34.76,35.23,34.64,35.01,1531300.0
2014-02-26,34.5,35.29,34.49,34.76,2274500.0,0.0,1.0,34.5,35.29,34.49,34.76,2274500.0
2014-02-25,35.06,35.12,34.42,34.49,3048000.0,0.0,1.0,35.06,35.12,34.42,34.49,3048000.0
2014-02-24,34.57,35.18,34.56,34.78,2153300.0,0.0,1.0,34.57,35.18,34.56,34.78,2153300.0
2014-02-21,34.63,35.29,34.41,34.5,3171900.0,0.0,1.0,34.63,35.29,34.41,34.5,3171900.0
2014-02-20,33.99,35.35,33.89,34.54,7544900.0,0.0,1.0,33.99,35.35,33.89,34.54,7544900.0
2014-02-19,32.35,32.74,32.03,32.1,2036600.0,0.0,1.0,32.35,32.74,32.03,32.1,2036600.0
2014-02-18,32.0,32.42,31.87,32.35,1879300.0,0.0,1.0,32.0,32.42,31.87,32.35,1879300.0
2014-02-14,31.67,32.0,31.3,31.99,1478600.0,0.0,1.0,31.67,32.0,31.3,31.99,1478600.0
2014-02-13,31.35,31.79,31.21,31.77,901700.0,0.0,1.0,31.35,31.79,31.21,31.77,901700.0
2014-02-12,31.54,31.73,31.47,31.62,1091000.0,0.0,1.0,31.54,31.73,31.47,31.62,1091000.0
2014-02-11,31.29,31.6,31.29,31.44,1167100.0,0.0,1.0,31.29,31.6,31.29,31.44,1167100.0
2014-02-10,31.16,31.34,30.91,31.32,1201400.0,0.0,1.0,31.16,31.34,30.91,31.32,1201400.0
2014-02-07,30.94,31.33,30.94,31.24,1271800.0,0.0,1.0,30.94,31.33,30.94,31.24,1271800.0
2014-02-06,30.7,30.91,30.59,30.71,1539100.0,0.0,1.0,30.7,30.91,30.59,30.71,1539100.0
2014-02-05,30.41,30.93,30.26,30.65,1303200.0,0.0,1.0,30.41,30.93,30.26,30.65,1303200.0
2014-02-04,30.18,30.7,29.85,30.6,1050000.0,0.0,1.0,30.18,30.7,29.85,30.6,1050000.0
2014-02-03,31.2,31.29,29.96,30.03,1584700.0,0.0,1.0,31.2,31.29,29.96,30.03,1584700.0
2014-01-31,30.58,31.77,30.42,31.17,2651800.0,0.0,1.0,30.58,31.77,30.42,31.17,2651800.0
2014-01-30,30.76,31.1,30.38,31.0,1150500.0,0.0,1.0,30.76,31.1,30.38,31.0,1150500.0
2014-01-29,30.6,30.91,30.4,30.46,1363600.0,0.0,1.0,30.6,30.91,30.4,30.46,1363600.0
2014-01-28,30.78,31.0,30.66,30.83,1181700.0,0.0,1.0,30.78,31.0,30.66,30.83,1181700.0
2014-01-27,31.06,31.12,30.31,30.72,1409500.0,0.0,1.0,31.06,31.12,30.31,30.72,1409500.0
2014-01-24,31.75,31.94,31.0,31.07,1908000.0,0.0,1.0,31.75,31.94,31.0,31.07,1908000.0
2014-01-23,31.94,32.06,31.67,32.02,1176700.0,0.0,1.0,31.94,32.06,31.67,32.02,1176700.0
2014-01-22,32.03,32.17,31.89,32.14,1086900.0,0.0,1.0,32.03,32.17,31.89,32.14,1086900.0
2014-01-21,31.9,31.99,31.46,31.97,1075300.0,0.0,1.0,31.9,31.99,31.46,31.97,1075300.0
2014-01-17,31.35,31.78,31.28,31.64,1175400.0,0.0,1.0,31.35,31.78,31.28,31.64,1175400.0
2014-01-16,31.46,31.53,31.16,31.36,1212000.0,0.0,1.0,31.46,31.53,31.16,31.36,1212000.0
2014-01-15,31.65,31.87,31.4,31.48,1347600.0,0.0,1.0,31.65,31.87,31.4,31.48,1347600.0
2014-01-14,31.44,31.65,31.14,31.57,1534300.0,0.0,1.0,31.44,31.65,31.14,31.57,1534300.0
2014-01-13,31.76,31.78,31.0,31.15,1380100.0,0.0,1.0,31.76,31.78,31.0,31.15,1380100.0
2014-01-10,31.84,32.22,31.68,31.7,1460800.0,0.0,1.0,31.84,32.22,31.68,31.7,1460800.0
2014-01-09,31.49,31.95,31.34,31.79,3052900.0,0.0,1.0,31.49,31.95,31.34,31.79,3052900.0
2014-01-08,31.29,31.5,31.0,31.32,2086000.0,0.0,1.0,31.29,31.5,31.0,31.32,2086000.0
2014-01-07,31.03,31.44,30.98,31.21,990300.0,0.0,1.0,31.03,31.44,30.98,31.21,990300.0
2014-01-06,31.42,31.56,30.93,30.96,1270600.0,0.0,1.0,31.42,31.56,30.93,30.96,1270600.0
2014-01-03,31.29,31.44,31.15,31.35,951900.0,0.0,1.0,31.29,31.44,31.15,31.35,951900.0
2014-01-02,31.37,31.57,31.25,31.29,959400.0,0.0,1.0,31.37,31.57,31.25,31.29,959400.0
2013-12-31,31.32,31.6,31.27,31.56,885700.0,0.0,1.0,31.32,31.6,31.27,31.56,885700.0
2013-12-30,31.32,31.41,31.16,31.21,999000.0,0.0,1.0,31.32,31.41,31.16,31.21,999000.0
2013-12-27,31.41,31.54,31.23,31.33,734000.0,0.0,1.0,31.41,31.54,31.23,31.33,734000.0
2013-12-26,31.2,31.43,31.15,31.29,653300.0,0.0,1.0,31.2,31.43,31.15,31.29,653300.0
2013-12-24,31.03,31.27,30.95,31.16,542300.0,0.0,1.0,31.03,31.27,30.95,31.16,542300.0
2013-12-23,30.86,31.05,30.67,31.0,1171200.0,0.0,1.0,30.86,31.05,30.67,31.0,1171200.0
2013-12-20,30.22,30.69,30.16,30.66,3743600.0,0.0,1.0,30.22,30.69,30.16,30.66,3743600.0
2013-12-19,30.35,30.38,30.06,30.28,2123000.0,0.0,1.0,30.35,30.38,30.06,30.28,2123000.0
2013-12-18,29.51,30.71,29.34,30.64,3395900.0,0.0,1.0,29.51,30.71,29.34,30.64,3395900.0
2013-12-17,28.99,29.19,28.86,29.17,1384900.0,0.0,1.0,28.99,29.19,28.86,29.17,1384900.0
2013-12-16,28.96,29.11,28.79,29.04,1003800.0,0.0,1.0,28.96,29.11,28.79,29.04,1003800.0
2013-12-13,28.83,28.89,28.58,28.73,997700.0,0.0,1.0,28.83,28.89,28.58,28.73,997700.0
2013-12-12,29.04,29.07,28.62,28.82,1312100.0,0.0,1.0,29.04,29.07,28.62,28.82,1312100.0
2013-12-11,29.41,29.49,28.65,29.01,1979100.0,0.0,1.0,29.41,29.49,28.65,29.01,1979100.0
2013-12-10,29.52,29.79,29.35,29.38,1584500.0,0.0,1.0,29.52,29.79,29.35,29.38,1584500.0
2013-12-09,29.5,29.93,29.22,29.67,1491300.0,0.0,1.0,29.5,29.93,29.22,29.67,1491300.0
2013-12-06,30.03,31.0,29.52,29.54,2463900.0,0.0,1.0,30.03,31.0,29.52,29.54,2463900.0
2013-12-05,29.36,29.43,29.06,29.12,1185300.0,0.0,1.0,29.36,29.43,29.06,29.12,1185300.0
2013-12-04,29.24,29.64,29.09,29.36,1179300.0,0.0,1.0,29.24,29.64,29.09,29.36,1179300.0
2013-12-03,29.2,29.49,29.13,29.49,1224000.0,0.0,1.0,29.2,29.49,29.13,29.49,1224000.0
2013-12-02,29.55,29.75,29.23,29.37,976100.0,0.0,1.0,29.55,29.75,29.23,29.37,976100.0
2013-11-29,29.71,29.75,29.51,29.61,677200.0,0.0,1.0,29.71,29.75,29.51,29.61,677200.0
2013-11-27,29.57,29.87,29.57,29.62,824700.0,0.0,1.0,29.57,29.87,29.57,29.62,824700.0
2013-11-26,29.51,29.65,29.32,29.49,863600.0,0.0,1.0,29.51,29.65,29.32,29.49,863600.0
2013-11-25,29.14,29.56,29.05,29.4,1669900.0,0.0,1.0,29.14,29.56,29.05,29.4,1669900.0
2013-11-22,29.4,29.45,29.1,29.12,1593500.0,0.0,1.0,29.4,29.45,29.1,29.12,1593500.0
2013-11-21,29.47,29.49,29.12,29.36,1431600.0,0.0,1.0,29.47,29.49,29.12,29.36,1431600.0
2013-11-20,29.6,29.86,29.16,29.27,1226400.0,0.0,1.0,29.6,29.86,29.16,29.27,1226400.0
2013-11-19,29.66,29.8,29.3,29.46,1780800.0,0.0,1.0,29.66,29.8,29.3,29.46,1780800.0
2013-11-18,30.1,30.22,29.6,29.74,1563400.0,0.0,1.0,30.1,30.22,29.6,29.74,1563400.0
2013-11-15,30.13,30.38,29.98,30.02,1651500.0,0.0,1.0,30.13,30.38,29.98,30.02,1651500.0
2013-11-14,30.04,30.25,29.88,30.07,1327700.0,0.0,1.0,30.04,30.25,29.88,30.07,1327700.0
2013-11-13,29.6,30.08,29.57,29.96,1454000.0,0.0,1.0,29.6,30.08,29.57,29.96,1454000.0
2013-11-12,29.73,29.91,29.59,29.84,2119400.0,0.0,1.0,29.73,29.91,29.59,29.84,2119400.0
2013-11-11,29.9,30.0,29.67,29.84,1604200.0,0.0,1.0,29.9,30.0,29.67,29.84,1604200.0
2013-11-08,29.82,30.06,29.61,29.86,1986300.0,0.0,1.0,29.82,30.06,29.61,29.86,1986300.0
2013-11-07,30.36,30.45,29.76,29.87,2475000.0,0.0,1.0,30.36,30.45,29.76,29.87,2475000.0
2013-11-06,30.46,30.47,29.94,30.31,2110100.0,0.0,1.0,30.46,30.47,29.94,30.31,2110100.0
2013-11-05,30.51,30.51,30.2,30.27,1564100.0,0.0,1.0,30.51,30.51,30.2,30.27,1564100.0
2013-11-04,30.61,30.79,30.18,30.55,1698300.0,0.0,1.0,30.61,30.79,30.18,30.55,1698300.0
2013-11-01,30.23,30.89,30.15,30.59,3004400.0,0.0,1.0,30.23,30.89,30.15,30.59,3004400.0
2013-10-31,29.76,30.3,28.79,30.21,7170700.0,0.0,1.0,29.76,30.3,28.79,30.21,7170700.0
2013-10-30,29.65,29.9,29.42,29.77,3133200.0,0.0,1.0,29.65,29.9,29.42,29.77,3133200.0
2013-10-29,29.3,29.6,29.22,29.56,1824500.0,0.0,1.0,29.3,29.6,29.22,29.56,1824500.0
2013-10-28,29.17,29.43,28.95,29.22,1587800.0,0.0,1.0,29.17,29.43,28.95,29.22,1587800.0
2013-10-25,29.2,29.34,28.83,29.15,1349500.0,0.0,1.0,29.2,29.34,28.83,29.15,1349500.0
2013-10-24,29.19,29.38,29.14,29.22,956300.0,0.0,1.0,29.19,29.38,29.14,29.22,956300.0
2013-10-23,29.15,29.26,28.8,29.18,1709300.0,0.0,1.0,29.15,29.26,28.8,29.18,1709300.0
2013-10-22,28.9,29.66,28.8,29.28,2253500.0,0.0,1.0,28.9,29.66,28.8,29.28,2253500.0
2013-10-21,28.7,28.82,28.45,28.72,953500.0,0.0,1.0,28.7,28.82,28.45,28.72,953500.0
2013-10-18,28.77,28.81,28.4,28.75,1215400.0,0.0,1.0,28.77,28.81,28.4,28.75,1215400.0
2013-10-17,27.99,28.68,27.91,28.61,1159700.0,0.0,1.0,27.99,28.68,27.91,28.61,1159700.0
2013-10-16,28.03,28.18,27.89,28.08,1230900.0,0.0,1.0,28.03,28.18,27.89,28.08,1230900.0
2013-10-15,28.22,28.32,27.71,27.83,1036500.0,0.0,1.0,28.22,28.32,27.71,27.83,1036500.0
2013-10-14,28.2,28.41,27.93,28.37,1116500.0,0.0,1.0,28.2,28.41,27.93,28.37,1116500.0
2013-10-11,27.66,28.37,27.66,28.36,1440300.0,0.0,1.0,27.66,28.37,27.66,28.36,1440300.0
2013-10-10,27.38,27.7,27.19,27.68,1596100.0,0.0,1.0,27.38,27.7,27.19,27.68,1596100.0
2013-10-09,27.09,27.2,26.72,27.03,1547200.0,0.0,1.0,27.09,27.2,26.72,27.03,1547200.0
2013-10-08,27.45,27.56,26.94,27.05,1543000.0,0.0,1.0,27.45,27.56,26.94,27.05,1543000.0
2013-10-07,27.48,27.73,27.37,27.51,1002600.0,0.0,1.0,27.48,27.73,27.37,27.51,1002600.0
2013-10-04,27.69,27.88,27.6,27.8,876300.0,0.0,1.0,27.69,27.88,27.6,27.8,876300.0
2013-10-03,27.92,27.94,27.33,27.74,1695500.0,0.0,1.0,27.92,27.94,27.33,27.74,1695500.0
2013-10-02,27.63,28.0,27.41,27.91,1391300.0,0.0,1.0,27.63,28.0,27.41,27.91,1391300.0
2013-10-01,27.41,28.12,27.41,27.81,1753100.0,0.0,1.0,27.41,28.12,27.41,27.81,1753100.0
2013-09-30,27.44,27.65,27.27,27.51,1609400.0,0.0,1.0,27.44,27.65,27.27,27.51,1609400.0
2013-09-27,27.99,28.14,27.48,27.64,3294600.0,0.0,1.0,27.99,28.14,27.48,27.64,3294600.0
2013-09-26,28.07,28.36,27.97,28.21,1946200.0,0.0,1.0,28.07,28.36,27.97,28.21,1946200.0
2013-09-25,27.63,28.18,27.5,27.99,2644900.0,0.0,1.0,27.63,28.18,27.5,27.99,2644900.0
2013-09-24,27.27,27.97,27.26,27.66,2237000.0,0.0,1.0,27.27,27.97,27.26,27.66,2237000.0
2013-09-23,27.25,27.38,27.02,27.24,1155200.0,0.0,1.0,27.25,27.38,27.02,27.24,1155200.0
2013-09-20,27.74,27.83,27.36,27.37,1982800.0,0.0,1.0,27.74,27.83,27.36,27.37,1982800.0
2013-09-19,27.62,27.88,27.4,27.75,2019900.0,0.0,1.0,27.62,27.88,27.4,27.75,2019900.0
2013-09-18,27.18,27.75,26.84,27.58,2081700.0,0.0,1.0,27.18,27.75,26.84,27.58,2081700.0
2013-09-17,26.56,27.13,26.56,27.13,2040800.0,0.0,1.0,26.56,27.13,26.56,27.13,2040800.0
2013-09-16,26.48,26.99,26.48,26.59,2077300.0,0.0,1.0,26.48,26.99,26.48,26.59,2077300.0
2013-09-13,26.31,26.39,25.99,26.02,2120000.0,0.0,1.0,26.31,26.39,25.99,26.02,2120000.0
2013-09-12,25.97,26.32,25.96,26.2,1949300.0,0.0,1.0,25.97,26.32,25.96,26.2,1949300.0
2013-09-11,26.1,26.24,25.92,25.96,1695300.0,0.0,1.0,26.1,26.24,25.92,25.96,1695300.0
2013-09-10,25.97,26.48,25.91,26.08,2488100.0,0.0,1.0,25.97,26.48,25.91,26.08,2488100.0
2013-09-09,25.88,26.0,25.57,25.78,2901300.0,0.0,1.0,25.88,26.0,25.57,25.78,2901300.0
2013-09-06,26.04,26.28,25.75,25.78,2027600.0,0.0,1.0,26.04,26.28,25.75,25.78,2027600.0
2013-09-05,25.91,26.13,25.74,26.08,1393100.0,0.0,1.0,25.91,26.13,25.74,26.08,1393100.0
2013-09-04,25.87,26.12,25.76,25.96,1785400.0,0.0,1.0,25.87,26.12,25.76,25.96,1785400.0
2013-09-03,26.5,26.57,25.8,25.93,1308700.0,0.0,1.0,26.5,26.57,25.8,25.93,1308700.0
2013-08-30,26.39,26.39,26.06,26.14,1250100.0,0.0,1.0,26.39,26.39,26.06,26.14,1250100.0
2013-08-29,26.21,26.56,26.15,26.34,822700.0,0.0,1.0,26.21,26.56,26.15,26.34,822700.0
2013-08-28,26.41,26.45,26.13,26.24,1074400.0,0.0,1.0,26.41,26.45,26.13,26.24,1074400.0
2013-08-27,26.61,26.68,26.34,26.46,1369300.0,0.0,1.0,26.61,26.68,26.34,26.46,1369300.0
2013-08-26,27.14,27.23,26.89,26.93,1400700.0,0.0,1.0,27.14,27.23,26.89,26.93,1400700.0
2013-08-23,26.92,27.16,26.43,27.13,2674300.0,0.0,1.0,26.92,27.16,26.43,27.13,2674300.0
2013-08-22,26.41,27.0,26.41,26.87,1292200.0,0.0,1.0,26.41,27.0,26.41,26.87,1292200.0
2013-08-21,26.14,26.65,26.04,26.29,1711000.0,0.0,1.0,26.14,26.65,26.04,26.29,1711000.0
2013-08-20,26.02,26.49,25.93,26.22,1324200.0,0.0,1.0,26.02,26.49,25.93,26.22,1324200.0
2013-08-19,26.5,26.54,25.97,26.01,2074400.0,0.0,1.0,26.5,26.54,25.97,26.01,2074400.0
2013-08-16,26.63,26.89,26.43,26.54,1265700.0,0.0,1.0,26.63,26.89,26.43,26.54,1265700.0
2013-08-15,26.87,26.97,26.63,26.73,1198300.0,0.0,1.0,26.87,26.97,26.63,26.73,1198300.0
2013-08-14,27.32,27.42,27.03,27.14,1057200.0,0.0,1.0,27.32,27.42,27.03,27.14,1057200.0
2013-08-13,27.62,27.66,27.14,27.37,1256900.0,0.0,1.0,27.62,27.66,27.14,27.37,1256900.0
2013-08-12,27.47,27.76,27.41,27.62,1327700.0,0.0,1.0,27.47,27.76,27.41,27.62,1327700.0
2013-08-09,27.37,27.83,27.32,27.6,1619800.0,0.0,1.0,27.37,27.83,27.32,27.6,1619800.0
2013-08-08,27.26,27.46,27.13,27.35,2035000.0,0.0,1.0,27.26,27.46,27.13,27.35,2035000.0
2013-08-07,27.46,27.52,26.77,27.13,2821000.0,0.0,1.0,27.46,27.52,26.77,27.13,2821000.0
2013-08-06,27.89,28.03,27.33,27.55,1452600.0,0.0,1.0,27.89,28.03,27.33,27.55,1452600.0
2013-08-05,28.15,28.23,27.87,28.0,1418900.0,0.0,1.0,28.15,28.23,27.87,28.0,1418900.0
2013-08-02,28.07,28.26,27.64,28.16,1678100.0,0.0,1.0,28.07,28.26,27.64,28.16,1678100.0
2013-08-01,28.75,29.13,27.47,28.14,4523400.0,0.0,1.0,28.75,29.13,27.47,28.14,4523400.0
2013-07-31,26.55,27.23,26.5,26.81,1890600.0,0.0,1.0,26.55,27.23,26.5,26.81,1890600.0
2013-07-30,26.72,26.91,26.52,26.55,1509500.0,0.0,1.0,26.72,26.91,26.52,26.55,1509500.0
2013-07-29,27.39,27.6,26.56,26.59,1954800.0,0.0,1.0,27.39,27.6,26.56,26.59,1954800.0
2013-07-26,27.59,27.7,27.32,27.53,687500.0,0.0,1.0,27.59,27.7,27.32,27.53,687500.0
2013-07-25,27.73,27.77,27.4,27.77,1284800.0,0.0,1.0,27.73,27.77,27.4,27.77,1284800.0
2013-07-24,28.37,28.38,27.82,27.85,885800.0,0.0,1.0,28.37,28.38,27.82,27.85,885800.0
2013-07-23,28.51,28.7,28.26,28.31,657800.0,0.0,1.0,28.51,28.7,28.26,28.31,657800.0
2013-07-22,28.3,28.6,28.29,28.49,1372900.0,0.0,1.0,28.3,28.6,28.29,28.49,1372900.0
2013-07-19,27.87,28.3,27.78,28.27,1131100.0,0.0,1.0,27.87,28.3,27.78,28.27,1131100.0
2013-07-18,27.83,28.15,27.77,27.82,1662400.0,0.0,1.0,27.83,28.15,27.77,27.82,1662400.0
2013-07-17,28.01,28.11,27.7,27.79,1142300.0,0.0,1.0,28.01,28.11,27.7,27.79,1142300.0
2013-07-16,27.85,28.18,27.72,27.93,1614600.0,0.0,1.0,27.85,28.18,27.72,27.93,1614600.0
2013-07-15,27.73,27.92,27.62,27.79,1121800.0,0.0,1.0,27.73,27.92,27.62,27.79,1121800.0
2013-07-12,27.29,27.75,27.21,27.74,1210100.0,0.0,1.0,27.29,27.75,27.21,27.74,1210100.0
2013-07-11,27.48,27.65,27.15,27.34,1138600.0,0.0,1.0,27.48,27.65,27.15,27.34,1138600.0
2013-07-10,27.12,27.32,26.96,27.18,1127000.0,0.0,1.0,27.12,27.32,26.96,27.18,1127000.0
2013-07-09,26.94,27.53,26.93,27.16,1820200.0,0.0,1.0,26.94,27.53,26.93,27.16,1820200.0
2013-07-08,26.64,27.1,26.54,26.77,2722200.0,0.0,1.0,26.64,27.1,26.54,26.77,2722200.0
2013-07-05,26.49,26.49,25.92,26.4,1038000.0,0.0,1.0,26.49,26.49,25.92,26.4,1038000.0
2013-07-03,25.95,26.23,25.89,26.19,660500.0,0.0,1.0,25.95,26.23,25.89,26.19,660500.0
2013-07-02,26.46,26.66,26.0,26.12,1506500.0,0.0,1.0,26.46,26.66,26.0,26.12,1506500.0
2013-07-01,26.54,26.61,26.3,26.46,1411400.0,0.0,1.0,26.54,26.61,26.3,26.46,1411400.0
2013-06-28,26.57,26.86,26.44,26.46,2239000.0,0.0,1.0,26.57,26.86,26.44,26.46,2239000.0
2013-06-27,26.45,26.82,26.28,26.7,2265000.0,0.0,1.0,26.45,26.82,26.28,26.7,2265000.0
2013-06-26,26.44,26.5,25.82,26.18,1182400.0,0.0,1.0,26.44,26.5,25.82,26.18,1182400.0
2013-06-25,26.04,26.34,25.84,26.2,2234700.0,0.0,1.0,26.04,26.34,25.84,26.2,2234700.0
2013-06-24,25.52,25.91,25.26,25.74,2104700.0,0.0,1.0,25.52,25.91,25.26,25.74,2104700.0
2013-06-21,26.28,26.35,25.5,25.81,3746900.0,0.0,1.0,26.28,26.35,25.5,25.81,3746900.0
2013-06-20,26.59,26.64,26.08,26.17,2313000.0,0.0,1.0,26.59,26.64,26.08,26.17,2313000.0
2013-06-19,27.14,27.28,26.93,26.94,2210900.0,0.0,1.0,27.14,27.28,26.93,26.94,2210900.0
2013-06-18,26.66,27.14,26.52,27.11,2023700.0,0.0,1.0,26.66,27.14,26.52,27.11,2023700.0
2013-06-17,26.55,26.83,26.35,26.58,2044300.0,0.0,1.0,26.55,26.83,26.35,26.58,2044300.0
2013-06-14,26.14,26.57,26.14,26.27,2527700.0,0.0,1.0,26.14,26.57,26.14,26.27,2527700.0
2013-06-13,26.18,26.38,25.77,26.26,3364800.0,0.0,1.0,26.18,26.38,25.77,26.26,3364800.0
2013-06-12,27.0,27.0,26.16,26.24,2265700.0,0.0,1.0,27.0,27.0,26.16,26.24,2265700.0
2013-06-11,26.94,27.15,26.75,26.76,1405800.0,0.0,1.0,26.94,27.15,26.75,26.76,1405800.0
2013-06-10,27.6,27.69,26.94,27.25,2384200.0,0.0,1.0,27.6,27.69,26.94,27.25,2384200.0
2013-06-07,27.48,27.72,27.33,27.66,1994500.0,0.0,1.0,27.48,27.72,27.33,27.66,1994500.0
2013-06-06,26.89,27.48,26.76,27.29,3256700.0,0.0,1.0,26.89,27.48,26.76,27.29,3256700.0
2013-06-05,26.98,27.33,26.63,26.91,3425400.0,0.0,1.0,26.98,27.33,26.63,26.91,3425400.0
2013-06-04,28.11,28.19,26.67,27.14,4972400.0,0.0,1.0,28.11,28.19,26.67,27.14,4972400.0
2013-06-03,28.32,28.37,27.57,28.15,2416700.0,0.0,1.0,28.32,28.37,27.57,28.15,2416700.0
2013-05-31,28.41,28.76,28.31,28.37,1863100.0,0.0,1.0,28.41,28.76,28.31,28.37,1863100.0
2013-05-30,28.61,28.78,28.43,28.57,1175700.0,0.0,1.0,28.61,28.78,28.43,28.57,1175700.0
2013-05-29,28.77,28.77,28.4,28.51,878100.0,0.0,1.0,28.77,28.77,28.4,28.51,878100.0
2013-05-28,29.21,29.25,28.65,28.88,1407500.0,0.0,1.0,29.21,29.25,28.65,28.88,1407500.0
2013-05-24,29.11,29.13,28.57,28.86,1268600.0,0.0,1.0,29.11,29.13,28.57,28.86,1268600.0
2013-05-23,29.09,29.54,29.06,29.3,1335600.0,0.0,1.0,29.09,29.54,29.06,29.3,1335600.0
2013-05-22,30.17,30.44,29.26,29.4,1952700.0,0.0,1.0,30.17,30.44,29.26,29.4,1952700.0
2013-05-21,30.27,30.5,30.01,30.06,1590100.0,0.0,1.0,30.27,30.5,30.01,30.06,1590100.0
2013-05-20,30.1,30.56,30.1,30.29,1806600.0,0.0,1.0,30.1,30.56,30.1,30.29,1806600.0
2013-05-17,29.8,30.22,29.74,30.2,2076500.0,0.0,1.0,29.8,30.22,29.74,30.2,2076500.0
2013-05-16,29.7,29.89,29.61,29.74,1351600.0,0.0,1.0,29.7,29.89,29.61,29.74,1351600.0
2013-05-15,29.39,29.85,29.12,29.8,1882900.0,0.0,1.0,29.39,29.85,29.12,29.8,1882900.0
2013-05-14,28.7,29.41,28.7,29.41,2441900.0,0.0,1.0,28.7,29.41,28.7,29.41,2441900.0
2013-05-13,29.03,29.03,28.62,28.72,1323100.0,0.0,1.0,29.03,29.03,28.62,28.72,1323100.0
2013-05-10,28.75,29.16,28.72,29.14,1083600.0,0.0,1.0,28.75,29.16,28.72,29.14,1083600.0
2013-05-09,28.99,29.11,28.73,28.79,966000.0,0.0,1.0,28.99,29.11,28.73,28.79,966000.0
2013-05-08,28.97,29.13,28.85,29.02,1403200.0,0.0,1.0,28.97,29.13,28.85,29.02,1403200.0
2013-05-07,29.27,29.43,28.85,29.09,1580300.0,0.0,1.0,29.27,29.43,28.85,29.09,1580300.0
2013-05-06,28.91,29.48,28.86,29.29,1471900.0,0.0,1.0,28.91,29.48,28.86,29.29,1471900.0
2013-05-03,28.95,29.24,28.8,28.92,1553400.0,0.0,1.0,28.95,29.24,28.8,28.92,1553400.0
2013-05-02,28.54,29.33,27.89,28.63,3062000.0,0.0,1.0,28.54,29.33,27.89,28.63,3062000.0
2013-05-01,27.37,27.62,26.92,27.02,2513100.0,0.0,1.0,27.37,27.62,26.92,27.02,2513100.0
2013-04-30,27.5,27.59,27.07,27.48,1431800.0,0.0,1.0,27.5,27.59,27.07,27.48,1431800.0
2013-04-29,27.66,27.79,27.54,27.58,731600.0,0.0,1.0,27.66,27.79,27.54,27.58,731600.0
2013-04-26,27.77,27.93,27.55,27.56,1010800.0,0.0,1.0,27.77,27.93,27.55,27.56,1010800.0
2013-04-25,27.52,28.01,27.5,27.78,1470600.0,0.0,1.0,27.52,28.01,27.5,27.78,1470600.0
2013-04-24,27.63,27.8,27.21,27.37,1616600.0,0.0,1.0,27.63,27.8,27.21,27.37,1616600.0
2013-04-23,27.56,27.79,27.0,27.57,1744800.0,0.0,1.0,27.56,27.79,27.0,27.57,1744800.0
2013-04-22,27.29,27.59,26.73,27.42,1922600.0,0.0,1.0,27.29,27.59,26.73,27.42,1922600.0
2013-04-19,26.76,27.37,26.69,27.31,2211800.0,0.0,1.0,26.76,27.37,26.69,27.31,2211800.0
2013-04-18,27.04,27.04,26.52,26.7,1889600.0,0.0,1.0,27.04,27.04,26.52,26.7,1889600.0
2013-04-17,27.07,27.21,26.4,26.98,2079300.0,0.0,1.0,27.07,27.21,26.4,26.98,2079300.0
2013-04-16,26.95,27.33,26.79,27.31,1102000.0,0.0,1.0,26.95,27.33,26.79,27.31,1102000.0
2013-04-15,27.76,27.76,26.69,26.71,1851700.0,0.0,1.0,27.76,27.76,26.69,26.71,1851700.0
2013-04-12,27.8,28.08,27.8,28.06,1161000.0,0.0,1.0,27.8,28.08,27.8,28.06,1161000.0
2013-04-11,28.11,28.21,27.86,27.94,1380700.0,0.0,1.0,28.11,28.21,27.86,27.94,1380700.0
2013-04-10,27.98,28.14,27.82,28.11,1376100.0,0.0,1.0,27.98,28.14,27.82,28.11,1376100.0
2013-04-09,28.09,28.18,27.75,27.91,1668700.0,0.0,1.0,28.09,28.18,27.75,27.91,1668700.0
2013-04-08,27.25,27.99,27.25,27.98,2470700.0,0.0,1.0,27.25,27.99,27.25,27.98,2470700.0
2013-04-05,26.25,26.97,26.24,26.93,3033000.0,0.0,1.0,26.25,26.97,26.24,26.93,3033000.0
2013-04-04,26.5,26.71,26.41,26.63,3376200.0,0.0,1.0,26.5,26.71,26.41,26.63,3376200.0
2013-04-03,26.98,27.0,26.03,26.39,4420700.0,0.0,1.0,26.98,27.0,26.03,26.39,4420700.0
2013-04-02,27.93,28.09,26.68,27.02,4017200.0,0.0,1.0,27.93,28.09,26.68,27.02,4017200.0
2013-04-01,28.62,28.62,27.56,27.91,1923000.0,0.0,1.0,28.62,28.62,27.56,27.91,1923000.0
2013-03-28,28.42,28.64,28.33,28.58,1719900.0,0.0,1.0,28.42,28.64,28.33,28.58,1719900.0
2013-03-27,28.26,28.36,27.71,28.33,1777200.0,0.0,1.0,28.26,28.36,27.71,28.33,1777200.0
2013-03-26,28.56,28.69,28.23,28.45,1416000.0,0.0,1.0,28.56,28.69,28.23,28.45,1416000.0
2013-03-25,28.79,28.93,28.3,28.44,1200500.0,0.0,1.0,28.79,28.93,28.3,28.44,1200500.0
2013-03-22,28.73,29.02,28.61,28.75,1479900.0,0.0,1.0,28.73,29.02,28.61,28.75,1479900.0
2013-03-21,29.21,29.27,28.55,28.61,2008000.0,0.0,1.0,29.21,29.27,28.55,28.61,2008000.0
2013-03-20,29.4,29.78,29.35,29.45,1199400.0,0.0,1.0,29.4,29.78,29.35,29.45,1199400.0
2013-03-19,29.4,29.44,28.89,29.27,1309000.0,0.0,1.0,29.4,29.44,28.89,29.27,1309000.0
2013-03-18,29.07,29.5,28.92,29.32,786900.0,0.0,1.0,29.07,29.5,28.92,29.32,786900.0
2013-03-15,29.62,29.73,29.22,29.43,1991700.0,0.0,1.0,29.62,29.73,29.22,29.43,1991700.0
2013-03-14,29.64,29.77,29.52,29.73,933200.0,0.0,1.0,29.64,29.77,29.52,29.73,933200.0
2013-03-13,29.49,29.6,29.26,29.58,1241800.0,0.0,1.0,29.49,29.6,29.26,29.58,1241800.0
2013-03-12,29.85,29.85,29.36,29.51,1394900.0,0.0,1.0,29.85,29.85,29.36,29.51,1394900.0
2013-03-11,29.52,29.91,29.42,29.85,1593100.0,0.0,1.0,29.52,29.91,29.42,29.85,1593100.0
2013-03-08,29.42,29.6,29.2,29.49,1581200.0,0.0,1.0,29.42,29.6,29.2,29.49,1581200.0
2013-03-07,29.25,29.39,29.06,29.26,1116400.0,0.0,1.0,29.25,29.39,29.06,29.26,1116400.0
2013-03-06,29.1,29.5,29.09,29.26,1423500.0,0.0,1.0,29.1,29.5,29.09,29.26,1423500.0
2013-03-05,28.61,29.07,28.55,29.04,1611800.0,0.0,1.0,28.61,29.07,28.55,29.04,1611800.0
2013-03-04,28.17,28.75,27.94,28.39,2166600.0,0.0,1.0,28.17,28.75,27.94,28.39,2166600.0
2013-03-01,28.14,28.37,27.61,28.19,3249300.0,0.0,1.0,28.14,28.37,27.61,28.19,3249300.0
2013-02-28,28.1,28.54,27.87,28.4,2519100.0,0.0,1.0,28.1,28.54,27.87,28.4,2519100.0
2013-02-27,28.01,28.17,27.89,28.04,1803200.0,0.0,1.0,28.01,28.17,27.89,28.04,1803200.0
2013-02-26,28.2,28.28,27.77,27.89,2220600.0,0.0,1.0,28.2,28.28,27.77,27.89,2220600.0
2013-02-25,28.92,29.06,28.16,28.16,2189800.0,0.0,1.0,28.92,29.06,28.16,28.16,2189800.0
2013-02-22,28.69,28.88,28.45,28.7,2845200.0,0.0,1.0,28.69,28.88,28.45,28.7,2845200.0
2013-02-21,27.64,28.88,27.64,28.44,4230100.0,0.0,1.0,27.64,28.88,27.64,28.44,4230100.0
2013-02-20,28.85,28.89,28.06,28.14,2957700.0,0.0,1.0,28.85,28.89,28.06,28.14,2957700.0
2013-02-19,28.82,29.2,28.76,28.89,2405000.0,0.0,1.0,28.82,29.2,28.76,28.89,2405000.0
2013-02-15,29.03,29.04,28.63,28.74,1541800.0,0.0,1.0,29.03,29.04,28.63,28.74,1541800.0
2013-02-14,28.9,29.39,28.84,29.11,1515300.0,0.0,1.0,28.9,29.39,28.84,29.11,1515300.0
2013-02-13,28.77,29.59,28.77,28.99,2305600.0,0.0,1.0,28.77,29.59,28.77,28.99,2305600.0
2013-02-12,28.25,28.67,28.25,28.61,1658100.0,0.0,1.0,28.25,28.67,28.25,28.61,1658100.0
2013-02-11,28.29,28.51,28.17,28.19,1366200.0,0.0,1.0,28.29,28.51,28.17,28.19,1366200.0
2013-02-08,28.62,28.68,28.31,28.42,1473200.0,0.0,1.0,28.62,28.68,28.31,28.42,1473200.0
2013-02-07,28.54,28.68,28.25,28.56,1361200.0,0.0,1.0,28.54,28.68,28.25,28.56,1361200.0
2013-02-06,28.17,28.66,28.05,28.53,2335600.0,0.0,1.0,28.17,28.66,28.05,28.53,2335600.0
2013-02-05,28.28,28.37,27.96,28.17,2519100.0,0.0,1.0,28.28,28.37,27.96,28.17,2519100.0
2013-02-04,28.42,28.49,27.77,28.17,2839000.0,0.0,1.0,28.42,28.49,27.77,28.17,2839000.0
2013-02-01,29.22,29.34,28.59,28.66,2411500.0,0.0,1.0,29.22,29.34,28.59,28.66,2411500.0
2013-01-31,28.91,29.07,28.69,28.97,1561400.0,0.0,1.0,28.91,29.07,28.69,28.97,1561400.0
2013-01-30,29.86,29.89,28.95,29.01,2242100.0,0.0,1.0,29.86,29.89,28.95,29.01,2242100.0
2013-01-29,29.74,29.93,29.58,29.91,1695700.0,0.0,1.0,29.74,29.93,29.58,29.91,1695700.0
2013-01-28,29.78,29.83,29.41,29.73,1235500.0,0.0,1.0,29.78,29.83,29.41,29.73,1235500.0
2013-01-25,29.62,29.89,29.55,29.72,1575000.0,0.0,1.0,29.62,29.89,29.55,29.72,1575000.0
2013-01-24,29.29,29.94,29.15,29.59,1873300.0,0.0,1.0,29.29,29.94,29.15,29.59,1873300.0
2013-01-23,29.42,29.42,29.01,29.18,1660800.0,0.0,1.0,29.42,29.42,29.01,29.18,1660800.0
2013-01-22,28.76,29.67,28.76,29.43,2661300.0,0.0,1.0,28.76,29.67,28.76,29.43,2661300.0
2013-01-18,28.7,28.84,28.44,28.84,1178500.0,0.0,1.0,28.7,28.84,28.44,28.84,1178500.0
2013-01-17,28.67,28.78,28.47,28.61,1701400.0,0.0,1.0,28.67,28.78,28.47,28.61,1701400.0
2013-01-16,28.8,28.8,28.24,28.58,1347900.0,0.0,1.0,28.8,28.8,28.24,28.58,1347900.0
2013-01-15,28.45,28.88,28.39,28.88,1178700.0,0.0,1.0,28.45,28.88,28.39,28.88,1178700.0
2013-01-14,28.85,29.13,28.53,28.66,1790700.0,0.0,1.0,28.85,29.13,28.53,28.66,1790700.0
2013-01-11,29.1,29.18,28.94,29.02,1522300.0,0.0,1.0,29.1,29.18,28.94,29.02,1522300.0
2013-01-10,28.94,29.21,28.84,29.19,2043200.0,0.0,1.0,28.94,29.21,28.84,29.19,2043200.0
2013-01-09,28.51,28.95,28.35,28.82,1748200.0,0.0,1.0,28.51,28.95,28.35,28.82,1748200.0
2013-01-08,28.28,28.51,28.12,28.47,1853200.0,0.0,1.0,28.28,28.51,28.12,28.47,1853200.0
2013-01-07,27.85,28.46,27.82,28.25,2499700.0,0.0,1.0,27.85,28.46,27.82,28.25,2499700.0
2013-01-04,27.77,28.21,27.75,27.96,1875200.0,0.0,1.0,27.77,28.21,27.75,27.96,1875200.0
2013-01-03,27.91,27.95,27.57,27.67,1829200.0,0.0,1.0,27.91,27.95,27.57,27.67,1829200.0
2013-01-02,27.85,27.99,27.62,27.91,1869000.0,0.0,1.0,27.85,27.99,27.62,27.91,1869000.0
2012-12-31,26.4,27.31,26.4,27.29,1672300.0,0.0,1.0,26.4,27.31,26.4,27.29,1672300.0
2012-12-28,26.83,26.89,26.45,26.48,1108000.0,0.0,1.0,26.83,26.89,26.45,26.48,1108000.0
2012-12-27,27.01,27.04,26.51,26.99,1355400.0,0.0,1.0,27.01,27.04,26.51,26.99,1355400.0
2012-12-26,27.17,27.25,26.95,27.04,1143900.0,0.0,1.0,27.17,27.25,26.95,27.04,1143900.0
2012-12-24,27.31,27.46,27.06,27.19,557100.0,0.0,1.0,27.31,27.46,27.06,27.19,557100.0
2012-12-21,27.31,27.53,27.12,27.21,2261000.0,0.0,1.0,27.31,27.53,27.12,27.21,2261000.0
2012-12-20,27.23,27.61,27.18,27.6,1496600.0,0.0,1.0,27.23,27.61,27.18,27.6,1496600.0
2012-12-19,27.96,27.96,27.27,27.27,1484300.0,0.0,1.0,27.96,27.96,27.27,27.27,1484300.0
2012-12-18,27.36,27.72,27.28,27.59,2226100.0,0.0,1.0,27.36,27.72,27.28,27.59,2226100.0
2012-12-17,27.15,27.26,26.92,27.26,1565300.0,0.0,1.0,27.15,27.26,26.92,27.26,1565300.0
2012-12-14,27.02,27.22,26.98,27.09,1241800.0,0.0,1.0,27.02,27.22,26.98,27.09,1241800.0
2012-12-13,27.38,27.41,26.91,27.05,1740700.0,0.0,1.0,27.38,27.41,26.91,27.05,1740700.0
2012-12-12,27.16,27.7,27.08,27.38,2856200.0,0.0,1.0,27.16,27.7,27.08,27.38,2856200.0
2012-12-11,26.93,27.05,26.64,26.97,2227800.0,0.0,1.0,26.93,27.05,26.64,26.97,2227800.0
2012-12-10,26.06,27.05,26.06,26.92,3383900.0,0.0,1.0,26.06,27.05,26.06,26.92,3383900.0
2012-12-07,25.84,26.04,25.7,26.02,1541800.0,0.0,1.0,25.84,26.04,25.7,26.02,1541800.0
2012-12-06,25.91,25.95,25.52,25.7,1540800.0,0.0,1.0,25.91,25.95,25.52,25.7,1540800.0
2012-12-05,26.06,26.17,25.62,25.93,2133700.0,0.0,1.0,26.06,26.17,25.62,25.93,2133700.0
2012-12-04,25.83,26.17,25.83,26.11,2079300.0,0.0,1.0,25.83,26.17,25.83,26.11,2079300.0
2012-12-03,26.01,26.14,25.64,25.81,1299000.0,0.0,1.0,26.01,26.14,25.64,25.81,1299000.0
2012-11-30,25.9,26.28,25.76,25.86,4051600.0,0.0,1.0,25.9,26.28,25.76,25.86,4051600.0
2012-11-29,25.17,25.47,25.13,25.4,1868800.0,0.0,1.0,25.17,25.47,25.13,25.4,1868800.0
2012-11-28,25.09,25.2,24.7,25.1,1442900.0,0.0,1.0,25.09,25.2,24.7,25.1,1442900.0
2012-11-27,25.57,25.66,25.08,25.11,1576900.0,0.0,1.0,25.57,25.66,25.08,25.11,1576900.0
2012-11-26,25.3,25.76,25.27,25.65,1666400.0,0.0,1.0,25.3,25.76,25.27,25.65,1666400.0
2012-11-23,25.29,25.47,25.13,25.47,497900.0,0.0,1.0,25.29,25.47,25.13,25.47,497900.0
2012-11-21,25.15,25.44,25.02,25.2,1352200.0,0.0,1.0,25.15,25.44,25.02,25.2,1352200.0
2012-11-20,25.37,25.62,24.95,25.14,2689600.0,0.0,1.0,25.37,25.62,24.95,25.14,2689600.0
2012-11-19,25.35,25.43,25.08,25.29,1825900.0,0.0,1.0,25.35,25.43,25.08,25.29,1825900.0
2012-11-16,25.0,25.18,24.73,25.1,1879400.0,0.0,1.0,25.0,25.18,24.73,25.1,1879400.0
2012-11-15,25.06,25.26,24.77,24.98,1823900.0,0.0,1.0,25.06,25.26,24.77,24.98,1823900.0
2012-11-14,25.59,25.64,24.97,25.03,2281400.0,0.0,1.0,25.59,25.64,24.97,25.03,2281400.0
2012-11-13,25.65,26.0,25.49,25.5,2223500.0,0.0,1.0,25.65,26.0,25.49,25.5,2223500.0
2012-11-12,26.09,26.25,25.61,25.85,1967700.0,0.0,1.0,26.09,26.25,25.61,25.85,1967700.0
2012-11-09,26.07,26.52,26.05,26.09,1920600.0,0.0,1.0,26.07,26.52,26.05,26.09,1920600.0
2012-11-08,26.6,26.6,26.01,26.04,1946300.0,0.0,1.0,26.6,26.6,26.01,26.04,1946300.0
2012-11-07,26.05,26.69,25.64,26.65,3247700.0,0.0,1.0,26.05,26.69,25.64,26.65,3247700.0
2012-11-06,26.12,26.66,26.05,26.4,2842900.0,0.0,1.0,26.12,26.66,26.05,26.4,2842900.0
2012-11-05,25.33,26.1,25.19,25.98,1801800.0,0.0,1.0,25.33,26.1,25.19,25.98,1801800.0
2012-11-02,25.97,26.06,25.39,25.45,2087700.0,0.0,1.0,25.97,26.06,25.39,25.45,2087700.0
2012-11-01,26.08,26.34,25.34,25.72,4019400.0,0.0,1.0,26.08,26.34,25.34,25.72,4019400.0
2012-10-31,25.3,26.08,25.01,25.93,8624300.0,0.0,1.0,25.3,26.08,25.01,25.93,8624300.0
2012-10-26,23.58,23.78,23.39,23.6,1244400.0,0.0,1.0,23.58,23.78,23.39,23.6,1244400.0
2012-10-25,23.54,23.66,23.31,23.55,869300.0,0.0,1.0,23.54,23.66,23.31,23.55,869300.0
2012-10-24,23.34,23.41,23.16,23.28,640800.0,0.0,1.0,23.34,23.41,23.16,23.28,640800.0
2012-10-23,23.03,23.3,22.92,23.25,1152800.0,0.0,1.0,23.03,23.3,22.92,23.25,1152800.0
2012-10-22,23.51,23.56,23.16,23.33,1296700.0,0.0,1.0,23.51,23.56,23.16,23.33,1296700.0
2012-10-19,24.03,24.09,23.44,23.55,1971800.0,0.0,1.0,24.03,24.09,23.44,23.55,1971800.0
2012-10-18,24.23,24.56,24.13,24.14,2480900.0,0.0,1.0,24.23,24.56,24.13,24.14,2480900.0
2012-10-17,24.57,24.62,24.16,24.24,2238700.0,0.0,1.0,24.57,24.62,24.16,24.24,2238700.0
2012-10-16,24.27,24.54,24.24,24.5,1773200.0,0.0,1.0,24.27,24.54,24.24,24.5,1773200.0
2012-10-15,24.3,24.43,24.03,24.11,2060900.0,0.0,1.0,24.3,24.43,24.03,24.11,2060900.0
2012-10-12,24.15,24.5,24.08,24.3,2786700.0,0.0,1.0,24.15,24.5,24.08,24.3,2786700.0
2012-10-11,24.16,24.34,23.82,24.07,2338700.0,0.0,1.0,24.16,24.34,23.82,24.07,2338700.0
2012-10-10,24.2,24.3,23.89,23.93,1444700.0,0.0,1.0,24.2,24.3,23.89,23.93,1444700.0
2012-10-09,24.64,24.67,24.16,24.18,1002900.0,0.0,1.0,24.64,24.67,24.16,24.18,1002900.0
2012-10-08,24.72,24.8,24.58,24.63,837300.0,0.0,1.0,24.72,24.8,24.58,24.63,837300.0
2012-10-05,24.93,25.02,24.67,24.75,2020100.0,0.0,1.0,24.93,25.02,24.67,24.75,2020100.0
2012-10-04,25.0,25.16,24.77,24.83,1791400.0,0.0,1.0,25.0,25.16,24.77,24.83,1791400.0
2012-10-03,24.87,25.0,24.79,24.88,1133000.0,0.0,1.0,24.87,25.0,24.79,24.88,1133000.0
2012-10-02,24.65,24.93,24.65,24.82,1886100.0,0.0,1.0,24.65,24.93,24.65,24.82,1886100.0
2012-10-01,24.6,24.91,24.5,24.69,1777100.0,0.0,1.0,24.6,24.91,24.5,24.69,1777100.0
2012-09-28,24.6,24.86,24.48,24.7,1545800.0,0.0,1.0,24.6,24.86,24.48,24.7,1545800.0
2012-09-27,24.87,24.95,24.67,24.73,1381900.0,0.0,1.0,24.87,24.95,24.67,24.73,1381900.0
2012-09-26,24.75,24.89,24.57,24.73,1350100.0,0.0,1.0,24.75,24.89,24.57,24.73,1350100.0
2012-09-25,25.18,25.28,24.71,24.72,1604500.0,0.0,1.0,25.18,25.28,24.71,24.72,1604500.0
2012-09-24,24.87,25.14,24.68,25.05,1739000.0,0.0,1.0,24.87,25.14,24.68,25.05,1739000.0
2012-09-21,24.87,25.12,24.74,24.9,2221800.0,0.0,1.0,24.87,25.12,24.74,24.9,2221800.0
2012-09-20,25.13,25.21,24.75,24.93,1958400.0,0.0,1.0,25.13,25.21,24.75,24.93,1958400.0
2012-09-19,25.46,25.74,25.3,25.34,1698700.0,0.0,1.0,25.46,25.74,25.3,25.34,1698700.0
2012-09-18,25.43,25.62,25.31,25.5,761400.0,0.0,1.0,25.43,25.62,25.31,25.5,761400.0
2012-09-17,25.67,25.77,25.47,25.54,1404700.0,0.0,1.0,25.67,25.77,25.47,25.54,1404700.0
2012-09-14,25.67,26.07,25.65,25.82,2851400.0,0.0,1.0,25.67,26.07,25.65,25.82,2851400.0
2012-09-13,24.91,25.98,24.85,25.7,2754100.0,0.0,1.0,24.91,25.98,24.85,25.7,2754100.0
2012-09-12,24.7,24.93,24.53,24.87,1534000.0,0.0,1.0,24.7,24.93,24.53,24.87,1534000.0
2012-09-11,24.55,24.58,24.27,24.54,1314100.0,0.0,1.0,24.55,24.58,24.27,24.54,1314100.0
2012-09-10,24.7,24.84,24.46,24.46,1208900.0,0.0,1.0,24.7,24.84,24.46,24.46,1208900.0
2012-09-07,24.81,24.92,24.71,24.75,938500.0,0.0,1.0,24.81,24.92,24.71,24.75,938500.0
2012-09-06,24.21,24.85,24.21,24.78,1211400.0,0.0,1.0,24.21,24.85,24.21,24.78,1211400.0
2012-09-05,24.06,24.17,23.92,24.02,987900.0,0.0,1.0,24.06,24.17,23.92,24.02,987900.0
2012-09-04,23.98,24.23,23.9,24.07,1344900.0,0.0,1.0,23.98,24.23,23.9,24.07,1344900.0
2012-08-31,23.77,24.16,23.72,24.0,2106500.0,0.0,1.0,23.77,24.16,23.72,24.0,2106500.0
2012-08-30,23.77,23.83,23.56,23.62,752000.0,0.0,1.0,23.77,23.83,23.56,23.62,752000.0
2012-08-29,24.24,24.37,23.83,23.92,1251600.0,0.0,1.0,24.24,24.37,23.83,23.92,1251600.0
2012-08-28,24.17,24.6,24.11,24.23,1264300.0,0.0,1.0,24.17,24.6,24.11,24.23,1264300.0
2012-08-27,24.32,24.33,24.06,24.13,898900.0,0.0,1.0,24.32,24.33,24.06,24.13,898900.0
2012-08-24,24.24,24.36,24.06,24.2,1142000.0,0.0,1.0,24.24,24.36,24.06,24.2,1142000.0
2012-08-23,24.34,24.75,24.24,24.31,1433200.0,0.0,1.0,24.34,24.75,24.24,24.31,1433200.0
2012-08-22,24.65,24.67,24.29,24.34,1131200.0,0.0,1.0,24.65,24.67,24.29,24.34,1131200.0
2012-08-21,24.8,24.96,24.7,24.76,1256900.0,0.0,1.0,24.8,24.96,24.7,24.76,1256900.0
2012-08-20,24.9,24.93,24.53,24.68,972400.0,0.0,1.0,24.9,24.93,24.53,24.68,972400.0
2012-08-17,25.16,25.16,24.62,24.96,1971500.0,0.0,1.0,25.16,25.16,24.62,24.96,1971500.0
2012-08-16,24.76,25.14,24.66,25.08,1400600.0,0.0,1.0,24.76,25.14,24.66,25.08,1400600.0
2012-08-15,24.57,24.81,24.41,24.77,589800.0,0.0,1.0,24.57,24.81,24.41,24.77,589800.0
2012-08-14,24.62,24.74,24.39,24.55,1716200.0,0.0,1.0,24.62,24.74,24.39,24.55,1716200.0
2012-08-13,24.64,24.82,24.42,24.56,1036000.0,0.0,1.0,24.64,24.82,24.42,24.56,1036000.0
2012-08-10,24.49,24.78,24.3,24.78,1469900.0,0.0,1.0,24.49,24.78,24.3,24.78,1469900.0
2012-08-09,24.73,24.74,24.35,24.58,1284900.0,0.0,1.0,24.73,24.74,24.35,24.58,1284900.0
2012-08-08,24.49,24.89,24.34,24.76,1073900.0,0.0,1.0,24.49,24.89,24.34,24.76,1073900.0
2012-08-07,24.67,25.07,24.41,24.56,1829200.0,0.0,1.0,24.67,25.07,24.41,24.56,1829200.0
2012-08-06,24.87,24.93,24.35,24.48,2489500.0,0.0,1.0,24.87,24.93,24.35,24.48,2489500.0
2012-08-03,24.46,24.88,24.28,24.71,2837000.0,0.0,1.0,24.46,24.88,24.28,24.71,2837000.0
2012-08-02,23.57,24.11,23.05,23.93,4660400.0,0.0,1.0,23.57,24.11,23.05,23.93,4660400.0
2012-08-01,23.11,23.33,22.43,22.47,2402400.0,0.0,1.0,23.11,23.33,22.43,22.47,2402400.0
2012-07-31,23.31,23.35,22.85,22.99,1416400.0,0.0,1.0,23.31,23.35,22.85,22.99,1416400.0
2012-07-30,23.07,23.49,23.07,23.27,1121000.0,0.0,1.0,23.07,23.49,23.07,23.27,1121000.0
2012-07-27,22.83,23.27,22.67,23.14,1754800.0,0.0,1.0,22.83,23.27,22.67,23.14,1754800.0
2012-07-26,22.42,22.77,22.33,22.69,1147200.0,0.0,1.0,22.42,22.77,22.33,22.69,1147200.0
2012-07-25,22.19,22.42,21.96,22.11,1423000.0,0.0,1.0,22.19,22.42,21.96,22.11,1423000.0
2012-07-24,22.24,22.47,21.94,22.05,1745200.0,0.0,1.0,22.24,22.47,21.94,22.05,1745200.0
2012-07-23,21.7,22.39,21.63,22.22,1583200.0,0.0,1.0,21.7,22.39,21.63,22.22,1583200.0
2012-07-20,22.46,22.46,21.96,22.01,2153900.0,0.0,1.0,22.46,22.46,21.96,22.01,2153900.0
2012-07-19,22.99,23.12,22.29,22.71,3225600.0,0.0,1.0,22.99,23.12,22.29,22.71,3225600.0
2012-07-18,23.38,23.64,23.33,23.5,1603900.0,0.0,1.0,23.38,23.64,23.33,23.5,1603900.0
2012-07-17,23.32,23.55,23.23,23.51,1174200.0,0.0,1.0,23.32,23.55,23.23,23.51,1174200.0
2012-07-16,23.34,23.4,23.12,23.28,1088300.0,0.0,1.0,23.34,23.4,23.12,23.28,1088300.0
2012-07-13,23.08,23.42,23.07,23.39,1143300.0,0.0,1.0,23.08,23.42,23.07,23.39,1143300.0
2012-07-12,22.57,23.18,22.44,23.11,1872900.0,0.0,1.0,22.57,23.18,22.44,23.11,1872900.0
2012-07-11,23.07,23.14,22.55,22.73,1620800.0,0.0,1.0,23.07,23.14,22.55,22.73,1620800.0
2012-07-10,23.62,23.71,22.98,23.09,1283700.0,0.0,1.0,23.62,23.71,22.98,23.09,1283700.0
2012-07-09,23.52,23.55,23.33,23.5,1197100.0,0.0,1.0,23.52,23.55,23.33,23.5,1197100.0
2012-07-06,23.55,23.63,23.36,23.5,1100500.0,0.0,1.0,23.55,23.63,23.36,23.5,1100500.0
2012-07-05,23.63,23.95,23.5,23.83,2171800.0,0.0,1.0,23.63,23.95,23.5,23.83,2171800.0
2012-07-03,23.85,24.04,23.62,23.65,1445800.0,0.0,1.0,23.85,24.04,23.62,23.65,1445800.0
2012-07-02,24.13,24.25,23.76,23.89,1954100.0,0.0,1.0,24.13,24.25,23.76,23.89,1954100.0
2012-06-29,23.82,24.07,23.6,24.07,2505800.0,0.0,1.0,23.82,24.07,23.6,24.07,2505800.0
2012-06-28,22.76,23.57,22.65,23.54,2083000.0,0.0,1.0,22.76,23.57,22.65,23.54,2083000.0
2012-06-27,22.65,22.98,22.57,22.91,1440600.0,0.0,1.0,22.65,22.98,22.57,22.91,1440600.0
2012-06-26,22.43,22.77,22.38,22.57,1726600.0,0.0,1.0,22.43,22.77,22.38,22.57,1726600.0
2012-06-25,22.52,22.57,22.22,22.34,1029500.0,0.0,1.0,22.52,22.57,22.22,22.34,1029500.0
2012-06-22,22.86,22.95,22.6,22.83,1797000.0,0.0,1.0,22.86,22.95,22.6,22.83,1797000.0
2012-06-21,23.22,23.38,22.68,22.73,3352200.0,0.0,1.0,23.22,23.38,22.68,22.73,3352200.0
2012-06-20,23.2,23.3,22.93,23.15,1723700.0,0.0,1.0,23.2,23.3,22.93,23.15,1723700.0
2012-06-19,23.46,23.49,23.2,23.24,2003300.0,0.0,1.0,23.46,23.49,23.2,23.24,2003300.0
2012-06-18,22.75,23.38,22.6,23.33,2554300.0,0.0,1.0,22.75,23.38,22.6,23.33,2554300.0
2012-06-15,22.99,23.16,22.71,22.81,3399100.0,0.0,1.0,22.99,23.16,22.71,22.81,3399100.0
2012-06-14,22.34,22.94,22.29,22.88,2058600.0,0.0,1.0,22.34,22.94,22.29,22.88,2058600.0
2012-06-13,22.31,22.65,22.13,22.29,2026500.0,0.0,1.0,22.31,22.65,22.13,22.29,2026500.0
2012-06-12,22.33,22.43,21.97,22.39,1402000.0,0.0,1.0,22.33,22.43,21.97,22.39,1402000.0
2012-06-11,22.71,22.82,22.16,22.18,1781600.0,0.0,1.0,22.71,22.82,22.16,22.18,1781600.0
2012-06-08,22.17,22.55,21.97,22.54,1426200.0,0.0,1.0,22.17,22.55,21.97,22.54,1426200.0
2012-06-07,22.23,22.54,21.96,22.27,2730100.0,0.0,1.0,22.23,22.54,21.96,22.27,2730100.0
2012-06-06,21.54,21.94,21.52,21.93,1977000.0,0.0,1.0,21.54,21.94,21.52,21.93,1977000.0
2012-06-05,21.33,21.48,21.17,21.29,2483400.0,0.0,1.0,21.33,21.48,21.17,21.29,2483400.0
2012-06-04,21.67,21.75,21.15,21.37,2828200.0,0.0,1.0,21.67,21.75,21.15,21.37,2828200.0
2012-06-01,22.13,22.2,21.4,21.6,3164000.0,0.0,1.0,22.13,22.2,21.4,21.6,3164000.0
2012-05-31,22.31,22.76,21.95,22.58,3292200.0,0.0,1.0,22.31,22.76,21.95,22.58,3292200.0
2012-05-30,22.34,22.38,22.0,22.14,2078000.0,0.0,1.0,22.34,22.38,22.0,22.14,2078000.0
2012-05-29,22.88,22.99,22.44,22.53,2115700.0,0.0,1.0,22.88,22.99,22.44,22.53,2115700.0
2012-05-25,22.86,22.98,22.51,22.7,2417100.0,0.0,1.0,22.86,22.98,22.51,22.7,2417100.0
2012-05-24,22.62,22.94,22.42,22.91,2421300.0,0.0,1.0,22.62,22.94,22.42,22.91,2421300.0
2012-05-23,22.04,22.61,21.78,22.6,1516400.0,0.0,1.0,22.04,22.61,21.78,22.6,1516400.0
2012-05-22,22.16,22.43,21.99,22.23,1735000.0,0.0,1.0,22.16,22.43,21.99,22.23,1735000.0
2012-05-21,21.84,22.17,21.67,22.13,1392900.0,0.0,1.0,21.84,22.17,21.67,22.13,1392900.0
2012-05-18,22.16,22.24,21.62,21.66,2386600.0,0.0,1.0,22.16,22.24,21.62,21.66,2386600.0
2012-05-17,22.77,22.86,22.01,22.01,1884000.0,0.0,1.0,22.77,22.86,22.01,22.01,1884000.0
2012-05-16,22.74,23.1,22.74,22.74,2402400.0,0.0,1.0,22.74,23.1,22.74,22.74,2402400.0
2012-05-15,22.85,23.02,22.57,22.6,1635400.0,0.0,1.0,22.85,23.02,22.57,22.6,1635400.0
2012-05-14,22.9,23.05,22.79,22.9,1028700.0,0.0,1.0,22.9,23.05,22.79,22.9,1028700.0
2012-05-11,22.93,23.27,22.92,23.13,1418300.0,0.0,1.0,22.93,23.27,22.92,23.13,1418300.0
2012-05-10,23.42,23.57,22.94,23.04,2446000.0,0.0,1.0,23.42,23.57,22.94,23.04,2446000.0
2012-05-09,23.09,23.42,23.01,23.11,1842900.0,0.0,1.0,23.09,23.42,23.01,23.11,1842900.0
2012-05-08,23.32,23.46,22.98,23.37,2269000.0,0.0,1.0,23.32,23.46,22.98,23.37,2269000.0
2012-05-07,23.16,23.66,23.15,23.5,2872200.0,0.0,1.0,23.16,23.66,23.15,23.5,2872200.0
2012-05-04,23.48,23.75,23.0,23.16,2636200.0,0.0,1.0,23.48,23.75,23.0,23.16,2636200.0
2012-05-03,23.17,24.06,23.0,23.5,4900000.0,0.0,1.0,23.17,24.06,23.0,23.5,4900000.0
2012-05-02,22.24,22.77,22.1,22.63,3452700.0,0.0,1.0,22.24,22.77,22.1,22.63,3452700.0
2012-05-01,22.1,22.45,21.95,22.31,1702200.0,0.0,1.0,22.1,22.45,21.95,22.31,1702200.0
2012-04-30,22.0,22.19,21.75,22.12,1808700.0,0.0,1.0,22.0,22.19,21.75,22.12,1808700.0
2012-04-27,21.75,22.22,21.68,22.06,1771100.0,0.0,1.0,21.75,22.22,21.68,22.06,1771100.0
2012-04-26,21.41,21.66,21.23,21.62,795700.0,0.0,1.0,21.41,21.66,21.23,21.62,795700.0
2012-04-25,21.32,21.57,21.22,21.43,1378400.0,0.0,1.0,21.32,21.57,21.22,21.43,1378400.0
2012-04-24,20.89,21.15,20.83,21.07,1292600.0,0.0,1.0,20.89,21.15,20.83,21.07,1292600.0
2012-04-23,20.93,20.95,20.67,20.82,1638500.0,0.0,1.0,20.93,20.95,20.67,20.82,1638500.0
2012-04-20,20.86,21.36,20.82,21.23,1325200.0,0.0,1.0,20.86,21.36,20.82,21.23,1325200.0
2012-04-19,21.18,21.26,20.61,20.78,2054300.0,0.0,1.0,21.18,21.26,20.61,20.78,2054300.0
2012-04-18,21.18,21.39,21.03,21.13,1318600.0,0.0,1.0,21.18,21.39,21.03,21.13,1318600.0
2012-04-17,21.02,21.4,20.92,21.35,2550400.0,0.0,1.0,21.02,21.4,20.92,21.35,2550400.0
2012-04-16,20.87,21.15,20.73,20.89,1799000.0,0.0,1.0,20.87,21.15,20.73,20.89,1799000.0
2012-04-13,20.9,21.02,20.52,20.74,1722000.0,0.0,1.0,20.9,21.02,20.52,20.74,1722000.0
2012-04-12,20.73,21.0,20.64,20.98,1679700.0,0.0,1.0,20.73,21.0,20.64,20.98,1679700.0
2012-04-11,20.63,20.89,20.41,20.73,1629400.0,0.0,1.0,20.63,20.89,20.41,20.73,1629400.0
2012-04-10,20.74,20.88,20.21,20.34,2718600.0,0.0,1.0,20.74,20.88,20.21,20.34,2718600.0
2012-04-09,21.31,21.45,20.84,20.89,1861900.0,0.0,1.0,21.31,21.45,20.84,20.89,1861900.0
2012-04-05,21.51,22.01,21.46,21.65,2149200.0,0.0,1.0,21.51,22.01,21.46,21.65,2149200.0
2012-04-04,20.91,21.68,20.76,21.56,3532600.0,0.0,1.0,20.91,21.68,20.76,21.56,3532600.0
2012-04-03,21.02,21.12,20.81,21.12,2347300.0,0.0,1.0,21.02,21.12,20.81,21.12,2347300.0
2012-04-02,20.81,21.18,20.65,21.03,1530200.0,0.0,1.0,20.81,21.18,20.65,21.03,1530200.0
2012-03-30,21.09,21.21,20.87,20.9,1061300.0,0.0,1.0,21.09,21.21,20.87,20.9,1061300.0
2012-03-29,20.87,20.99,20.78,20.94,1398400.0,0.0,1.0,20.87,20.99,20.78,20.94,1398400.0
2012-03-28,21.36,21.46,20.86,21.06,1558000.0,0.0,1.0,21.36,21.46,20.86,21.06,1558000.0
2012-03-27,21.67,21.82,21.34,21.36,2167700.0,0.0,1.0,21.67,21.82,21.34,21.36,2167700.0
2012-03-26,21.64,21.83,21.46,21.64,1322800.0,0.0,1.0,21.64,21.83,21.46,21.64,1322800.0
2012-03-23,21.21,21.45,20.95,21.41,1094900.0,0.0,1.0,21.21,21.45,20.95,21.41,1094900.0
2012-03-22,21.11,21.29,20.86,21.25,1187400.0,0.0,1.0,21.11,21.29,20.86,21.25,1187400.0
2012-03-21,21.39,21.61,21.14,21.31,1801000.0,0.0,1.0,21.39,21.61,21.14,21.31,1801000.0
2012-03-20,21.6,21.6,21.13,21.39,1563400.0,0.0,1.0,21.6,21.6,21.13,21.39,1563400.0
2012-03-19,21.86,21.92,21.57,21.78,1315300.0,0.0,1.0,21.86,21.92,21.57,21.78,1315300.0
2012-03-16,21.92,22.15,21.9,21.94,1664400.0,0.0,1.0,21.92,22.15,21.9,21.94,1664400.0
2012-03-15,21.64,21.9,21.51,21.89,1534400.0,0.0,1.0,21.64,21.9,21.51,21.89,1534400.0
2012-03-14,21.78,21.96,21.6,21.65,971900.0,0.0,1.0,21.78,21.96,21.6,21.65,971900.0
2012-03-13,21.75,21.8,21.57,21.78,2132400.0,0.0,1.0,21.75,21.8,21.57,21.78,2132400.0
2012-03-12,21.61,21.73,21.48,21.6,1439100.0,0.0,1.0,21.61,21.73,21.48,21.6,1439100.0
2012-03-09,21.42,21.67,21.39,21.66,2130500.0,0.0,1.0,21.42,21.67,21.39,21.66,2130500.0
2012-03-08,21.18,21.48,20.98,21.42,2230500.0,0.0,1.0,21.18,21.48,20.98,21.42,2230500.0
2012-03-07,20.78,21.26,20.72,21.03,1003600.0,0.0,1.0,20.78,21.26,20.72,21.03,1003600.0
2012-03-06,20.97,21.09,20.64,20.72,1760300.0,0.0,1.0,20.97,21.09,20.64,20.72,1760300.0
2012-03-05,20.88,21.29,20.85,21.25,1440400.0,0.0,1.0,20.88,21.29,20.85,21.25,1440400.0
2012-03-02,21.19,21.19,20.85,20.98,1076600.0,0.0,1.0,21.19,21.19,20.85,20.98,1076600.0
2012-03-01,20.96,21.35,20.96,21.18,1354000.0,0.0,1.0,20.96,21.35,20.96,21.18,1354000.0
2012-02-29,21.2,21.35,20.88,20.9,1259400.0,0.0,1.0,21.2,21.35,20.88,20.9,1259400.0
2012-02-28,21.33,21.48,21.13,21.3,929100.0,0.0,1.0,21.33,21.48,21.13,21.3,929100.0
2012-02-27,20.97,21.5,20.72,21.34,1890200.0,0.0,1.0,20.97,21.5,20.72,21.34,1890200.0
2012-02-24,21.26,21.45,21.02,21.07,1805300.0,0.0,1.0,21.26,21.45,21.02,21.07,1805300.0
2012-02-23,21.15,21.56,20.96,21.28,2055800.0,0.0,1.0,21.15,21.56,20.96,21.28,2055800.0
2012-02-22,21.93,22.27,20.88,21.27,2721900.0,0.0,1.0,21.93,22.27,20.88,21.27,2721900.0
2012-02-21,21.88,21.99,21.69,21.79,1603500.0,0.0,1.0,21.88,21.99,21.69,21.79,1603500.0
2012-02-17,22.06,22.06,21.69,21.74,1196000.0,0.0,1.0,22.06,22.06,21.69,21.74,1196000.0
2012-02-16,21.91,22.03,21.78,21.88,1038800.0,0.0,1.0,21.91,22.03,21.78,21.88,1038800.0
2012-02-15,22.35,22.35,21.85,21.92,1024800.0,0.0,1.0,22.35,22.35,21.85,21.92,1024800.0
2012-02-14,21.91,22.21,21.84,22.2,837000.0,0.0,1.0,21.91,22.21,21.84,22.2,837000.0
2012-02-13,22.05,22.15,21.76,21.95,1165800.0,0.0,1.0,22.05,22.15,21.76,21.95,1165800.0
2012-02-10,22.25,22.31,21.81,21.88,878800.0,0.0,1.0,22.25,22.31,21.81,21.88,878800.0
2012-02-09,22.27,22.53,22.2,22.46,1249800.0,0.0,1.0,22.27,22.53,22.2,22.46,1249800.0
2012-02-08,22.41,22.51,22.08,22.2,953200.0,0.0,1.0,22.41,22.51,22.08,22.2,953200.0
2012-02-07,22.32,22.55,22.14,22.44,999000.0,0.0,1.0,22.32,22.55,22.14,22.44,999000.0
2012-02-06,22.22,22.46,22.08,22.44,976300.0,0.0,1.0,22.22,22.46,22.08,22.44,976300.0
2012-02-03,22.3,22.47,21.92,22.3,1384600.0,0.0,1.0,22.3,22.47,21.92,22.3,1384600.0
2012-02-02,22.1,22.22,21.91,22.21,910900.0,0.0,1.0,22.1,22.22,21.91,22.21,910900.0
2012-02-01,21.73,22.26,21.6,22.08,859900.0,0.0,1.0,21.73,22.26,21.6,22.08,859900.0
2012-01-31,21.87,21.99,21.38,21.6,908900.0,0.0,1.0,21.87,21.99,21.38,21.6,908900.0
2012-01-30,21.45,21.83,21.38,21.8,904200.0,0.0,1.0,21.45,21.83,21.38,21.8,904200.0
2012-01-27,21.42,21.78,21.26,21.67,1206000.0,0.0,1.0,21.42,21.78,21.26,21.67,1206000.0
2012-01-26,21.64,21.78,21.35,21.47,1062700.0,0.0,1.0,21.64,21.78,21.35,21.47,1062700.0
2012-01-25,20.88,21.58,20.76,21.48,1017100.0,0.0,1.0,20.88,21.58,20.76,21.48,1017100.0
2012-01-24,20.68,20.98,20.59,20.89,1084600.0,0.0,1.0,20.68,20.98,20.59,20.89,1084600.0
2012-01-23,21.45,21.7,20.7,20.86,1946800.0,0.0,1.0,21.45,21.7,20.7,20.86,1946800.0
2012-01-20,21.65,21.67,21.19,21.4,1189100.0,0.0,1.0,21.65,21.67,21.19,21.4,1189100.0
2012-01-19,21.59,21.81,21.41,21.69,1289900.0,0.0,1.0,21.59,21.81,21.41,21.69,1289900.0
2012-01-18,21.63,21.94,20.8,21.55,3537800.0,0.0,1.0,21.63,21.94,20.8,21.55,3537800.0
2012-01-17,22.3,22.35,21.57,21.66,1284200.0,0.0,1.0,22.3,22.35,21.57,21.66,1284200.0
2012-01-13,21.97,22.06,21.55,22.04,986900.0,0.0,1.0,21.97,22.06,21.55,22.04,986900.0
2012-01-12,22.13,22.21,21.95,22.14,1092900.0,0.0,1.0,22.13,22.21,21.95,22.14,1092900.0
2012-01-11,21.88,22.2,21.83,22.05,980500.0,0.0,1.0,21.88,22.2,21.83,22.05,980500.0
2012-01-10,21.96,22.3,21.89,22.03,1014000.0,0.0,1.0,21.96,22.3,21.89,22.03,1014000.0
2012-01-09,21.8,21.93,21.59,21.61,1126500.0,0.0,1.0,21.8,21.93,21.59,21.61,1126500.0
2012-01-06,21.84,21.92,21.65,21.72,796700.0,0.0,1.0,21.84,21.92,21.65,21.72,796700.0
2012-01-05,21.5,21.97,21.28,21.88,1410700.0,0.0,1.0,21.5,21.97,21.28,21.88,1410700.0
2012-01-04,21.44,21.68,21.19,21.61,936800.0,0.0,1.0,21.44,21.68,21.19,21.61,936800.0
2012-01-03,22.04,22.19,21.49,21.56,2087100.0,0.0,1.0,22.04,22.19,21.49,21.56,2087100.0
2011-12-30,21.66,21.76,21.53,21.54,732000.0,0.0,1.0,21.66,21.76,21.53,21.54,732000.0
2011-12-29,21.54,21.77,21.44,21.58,953900.0,0.0,1.0,21.54,21.77,21.44,21.58,953900.0
2011-12-28,21.76,21.76,21.17,21.43,975400.0,0.0,1.0,21.76,21.76,21.17,21.43,975400.0
2011-12-27,21.74,21.95,21.56,21.76,737600.0,0.0,1.0,21.74,21.95,21.56,21.76,737600.0
2011-12-23,21.8,21.89,21.5,21.86,678600.0,0.0,1.0,21.8,21.89,21.5,21.86,678600.0
2011-12-22,21.18,21.83,21.13,21.68,1452000.0,0.0,1.0,21.18,21.83,21.13,21.68,1452000.0
2011-12-21,21.08,21.17,20.58,21.1,1561900.0,0.0,1.0,21.08,21.17,20.58,21.1,1561900.0
2011-12-20,20.93,21.47,20.9,21.19,2100900.0,0.0,1.0,20.93,21.47,20.9,21.19,2100900.0
2011-12-19,21.14,21.2,20.29,20.5,2536000.0,0.0,1.0,21.14,21.2,20.29,20.5,2536000.0
2011-12-16,20.41,20.96,20.36,20.91,3083200.0,0.0,1.0,20.41,20.96,20.36,20.91,3083200.0
2011-12-15,20.31,20.36,20.0,20.27,1568900.0,0.0,1.0,20.31,20.36,20.0,20.27,1568900.0
2011-12-14,20.14,20.2,19.74,19.93,1973900.0,0.0,1.0,20.14,20.2,19.74,19.93,1973900.0
2011-12-13,20.81,20.88,20.07,20.23,2072200.0,0.0,1.0,20.81,20.88,20.07,20.23,2072200.0
2011-12-12,20.65,20.71,20.45,20.68,1720600.0,0.0,1.0,20.65,20.71,20.45,20.68,1720600.0
2011-12-09,20.37,21.02,20.29,20.89,1850800.0,0.0,1.0,20.37,21.02,20.29,20.89,1850800.0
2011-12-08,20.63,20.7,20.12,20.18,2386400.0,0.0,1.0,20.63,20.7,20.12,20.18,2386400.0
2011-12-07,20.74,21.14,20.55,20.84,1510200.0,0.0,1.0,20.74,21.14,20.55,20.84,1510200.0
2011-12-06,20.98,21.08,20.67,20.88,1280200.0,0.0,1.0,20.98,21.08,20.67,20.88,1280200.0
2011-12-05,21.03,21.33,20.83,20.99,1388100.0,0.0,1.0,21.03,21.33,20.83,20.99,1388100.0
2011-12-02,20.93,21.12,20.62,20.65,1339300.0,0.0,1.0,20.93,21.12,20.62,20.65,1339300.0
2011-12-01,20.5,21.19,20.45,20.67,2055900.0,0.0,1.0,20.5,21.19,20.45,20.67,2055900.0
2011-11-30,20.23,20.61,20.19,20.59,2276500.0,0.0,1.0,20.23,20.61,20.19,20.59,2276500.0
2011-11-29,19.81,19.89,19.32,19.44,2933600.0,0.0,1.0,19.81,19.89,19.32,19.44,2933600.0
2011-11-28,19.51,19.98,19.46,19.79,2041600.0,0.0,1.0,19.51,19.98,19.46,19.79,2041600.0
2011-11-25,18.7,19.16,18.56,18.87,1187000.0,0.0,1.0,18.7,19.16,18.56,18.87,1187000.0
2011-11-23,18.9,19.15,18.75,18.75,1956300.0,0.0,1.0,18.9,19.15,18.75,18.75,1956300.0
2011-11-22,19.0,19.38,18.86,19.16,2140200.0,0.0,1.0,19.0,19.38,18.86,19.16,2140200.0
2011-11-21,19.06,19.21,18.79,19.06,1825600.0,0.0,1.0,19.06,19.21,18.79,19.06,1825600.0
2011-11-18,19.55,19.59,19.16,19.36,2481500.0,0.0,1.0,19.55,19.59,19.16,19.36,2481500.0
2011-11-17,19.62,19.96,19.31,19.44,3031400.0,0.0,1.0,19.62,19.96,19.31,19.44,3031400.0
2011-11-16,18.96,20.29,18.88,19.71,4948900.0,0.0,1.0,18.96,20.29,18.88,19.71,4948900.0
2011-11-15,18.77,19.33,18.65,19.19,2824300.0,0.0,1.0,18.77,19.33,18.65,19.19,2824300.0
2011-11-14,19.0,19.06,18.49,18.77,2259100.0,0.0,1.0,19.0,19.06,18.49,18.77,2259100.0
2011-11-11,18.53,19.22,18.15,19.16,3967200.0,0.0,1.0,18.53,19.22,18.15,19.16,3967200.0
2011-11-10,19.98,20.14,18.61,18.94,7701600.0,0.0,1.0,19.98,20.14,18.61,18.94,7701600.0
2011-11-09,20.29,20.34,19.54,19.64,3472800.0,0.0,1.0,20.29,20.34,19.54,19.64,3472800.0
2011-11-08,21.04,21.19,20.5,20.95,3351400.0,0.0,1.0,21.04,21.19,20.5,20.95,3351400.0
2011-11-07,21.87,21.97,20.61,21.02,3672900.0,0.0,1.0,21.87,21.97,20.61,21.02,3672900.0
2011-11-04,22.07,22.1,21.58,21.91,2610500.0,0.0,1.0,22.07,22.1,21.58,21.91,2610500.0
2011-11-03,22.4,22.5,21.91,22.44,3007900.0,0.0,1.0,22.4,22.5,21.91,22.44,3007900.0
2011-11-02,20.99,22.48,20.77,22.15,4640700.0,0.0,1.0,20.99,22.48,20.77,22.15,4640700.0
2011-11-01,20.0,20.47,19.65,19.84,3691200.0,0.0,1.0,20.0,20.47,19.65,19.84,3691200.0
2011-10-31,21.46,21.49,20.89,20.89,1681600.0,0.0,1.0,21.46,21.49,20.89,20.89,1681600.0
2011-10-28,21.43,21.76,21.26,21.69,1965400.0,0.0,1.0,21.43,21.76,21.26,21.69,1965400.0
2011-10-27,21.16,21.83,20.86,21.61,2539100.0,0.0,1.0,21.16,21.83,20.86,21.61,2539100.0
2011-10-26,20.65,20.86,20.12,20.57,1681500.0,0.0,1.0,20.65,20.86,20.12,20.57,1681500.0
2011-10-25,20.49,20.68,20.23,20.3,1368400.0,0.0,1.0,20.49,20.68,20.23,20.3,1368400.0
2011-10-24,20.48,20.96,20.44,20.8,1503300.0,0.0,1.0,20.48,20.96,20.44,20.8,1503300.0
2011-10-21,20.05,20.45,19.95,20.39,1865400.0,0.0,1.0,20.05,20.45,19.95,20.39,1865400.0
2011-10-20,19.7,19.82,19.18,19.71,1697600.0,0.0,1.0,19.7,19.82,19.18,19.71,1697600.0
2011-10-19,19.98,20.18,19.61,19.73,1792900.0,0.0,1.0,19.98,20.18,19.61,19.73,1792900.0
2011-10-18,19.53,20.31,19.18,20.04,2052100.0,0.0,1.0,19.53,20.31,19.18,20.04,2052100.0
2011-10-17,19.77,19.96,19.44,19.54,1879900.0,0.0,1.0,19.77,19.96,19.44,19.54,1879900.0
2011-10-14,20.01,20.13,19.65,20.06,1532200.0,0.0,1.0,20.01,20.13,19.65,20.06,1532200.0
2011-10-13,19.85,19.94,19.4,19.71,2116900.0,0.0,1.0,19.85,19.94,19.4,19.71,2116900.0
2011-10-12,19.81,20.32,19.59,20.07,2418400.0,0.0,1.0,19.81,20.32,19.59,20.07,2418400.0
2011-10-11,19.59,19.77,19.37,19.68,2058500.0,0.0,1.0,19.59,19.77,19.37,19.68,2058500.0
2011-10-10,19.59,19.95,19.43,19.82,1685800.0,0.0,1.0,19.59,19.95,19.43,19.82,1685800.0
2011-10-07,19.79,19.85,18.84,19.22,2981100.0,0.0,1.0,19.79,19.85,18.84,19.22,2981100.0
2011-10-06,18.87,19.81,18.69,19.63,2587000.0,0.0,1.0,18.87,19.81,18.69,19.63,2587000.0
2011-10-05,18.18,19.05,17.96,18.96,2933000.0,0.0,1.0,18.18,19.05,17.96,18.96,2933000.0
2011-10-04,17.09,18.08,16.63,18.07,4292700.0,0.0,1.0,17.09,18.08,16.63,18.07,4292700.0
2011-10-03,18.66,18.72,17.35,17.37,3135500.0,0.0,1.0,18.66,18.72,17.35,17.37,3135500.0
2011-09-30,19.06,19.34,18.77,18.79,3081400.0,0.0,1.0,19.06,19.34,18.77,18.79,3081400.0
2011-09-29,19.04,19.44,18.74,19.44,2943500.0,0.0,1.0,19.04,19.44,18.74,19.44,2943500.0
2011-09-28,19.56,19.56,18.6,18.66,2372300.0,0.0,1.0,19.56,19.56,18.6,18.66,2372300.0
2011-09-27,19.55,19.96,19.27,19.43,2631200.0,0.0,1.0,19.55,19.96,19.27,19.43,2631200.0
2011-09-26,19.25,19.36,18.85,19.03,5085000.0,0.0,1.0,19.25,19.36,18.85,19.03,5085000.0
2011-09-23,18.25,19.13,18.07,19.03,2854400.0,0.0,1.0,18.25,19.13,18.07,19.03,2854400.0
2011-09-22,18.23,18.55,17.97,18.32,4158800.0,0.0,1.0,18.23,18.55,17.97,18.32,4158800.0
2011-09-21,18.88,19.75,18.85,18.91,3267700.0,0.0,1.0,18.88,19.75,18.85,18.91,3267700.0
2011-09-20,19.24,19.43,18.88,18.9,1464200.0,0.0,1.0,19.24,19.43,18.88,18.9,1464200.0
2011-09-19,18.92,19.14,18.54,19.04,2536100.0,0.0,1.0,18.92,19.14,18.54,19.04,2536100.0
2011-09-16,19.01,19.04,18.59,18.83,2128300.0,0.0,1.0,19.01,19.04,18.59,18.83,2128300.0
2011-09-15,18.81,18.95,18.46,18.91,1342800.0,0.0,1.0,18.81,18.95,18.46,18.91,1342800.0
2011-09-14,18.34,18.82,17.82,18.53,1530500.0,0.0,1.0,18.34,18.82,17.82,18.53,1530500.0
2011-09-13,17.81,18.34,17.6,18.2,1534400.0,0.0,1.0,17.81,18.34,17.6,18.2,1534400.0
2011-09-12,17.44,17.87,17.27,17.79,1443500.0,0.0,1.0,17.44,17.87,17.27,17.79,1443500.0
2011-09-09,18.13,18.34,17.58,17.78,2017400.0,0.0,1.0,18.13,18.34,17.58,17.78,2017400.0
2011-09-08,18.41,18.65,18.25,18.42,1320500.0,0.0,1.0,18.41,18.65,18.25,18.42,1320500.0
2011-09-07,18.38,18.68,18.18,18.61,1444900.0,0.0,1.0,18.38,18.68,18.18,18.61,1444900.0
2011-09-06,17.22,18.1,17.21,18.0,1899800.0,0.0,1.0,17.22,18.1,17.21,18.0,1899800.0
2011-09-02,18.34,18.47,17.85,17.94,1656700.0,0.0,1.0,18.34,18.47,17.85,17.94,1656700.0
2011-09-01,19.17,19.52,18.7,18.78,2985200.0,0.0,1.0,19.17,19.52,18.7,18.78,2985200.0
2011-08-31,19.38,19.4,19.02,19.19,2207300.0,0.0,1.0,19.38,19.4,19.02,19.19,2207300.0
2011-08-30,18.31,19.32,18.26,19.18,2466700.0,0.0,1.0,18.31,19.32,18.26,19.18,2466700.0
2011-08-29,18.45,18.6,18.22,18.36,2913600.0,0.0,1.0,18.45,18.6,18.22,18.36,2913600.0
2011-08-26,17.02,18.47,16.75,18.12,3060500.0,0.0,1.0,17.02,18.47,16.75,18.12,3060500.0
2011-08-25,17.62,17.69,17.09,17.21,2208200.0,0.0,1.0,17.62,17.69,17.09,17.21,2208200.0
2011-08-24,16.88,17.51,16.83,17.49,1714700.0,0.0,1.0,16.88,17.51,16.83,17.49,1714700.0
2011-08-23,16.28,16.97,16.1,16.96,1285300.0,0.0,1.0,16.28,16.97,16.1,16.96,1285300.0
2011-08-22,16.72,16.72,16.12,16.19,1604100.0,0.0,1.0,16.72,16.72,16.12,16.19,1604100.0
2011-08-19,16.08,16.9,16.0,16.26,3217700.0,0.0,1.0,16.08,16.9,16.0,16.26,3217700.0
2011-08-18,16.91,17.04,16.09,16.27,3152500.0,0.0,1.0,16.91,17.04,16.09,16.27,3152500.0
2011-08-17,17.93,18.2,17.35,17.51,1898700.0,0.0,1.0,17.93,18.2,17.35,17.51,1898700.0
2011-08-16,17.83,18.2,17.72,17.81,2124200.0,0.0,1.0,17.83,18.2,17.72,17.81,2124200.0
2011-08-15,17.94,18.16,17.8,18.13,1632400.0,0.0,1.0,17.94,18.16,17.8,18.13,1632400.0
2011-08-12,17.82,18.01,17.4,17.71,2546900.0,0.0,1.0,17.82,18.01,17.4,17.71,2546900.0
2011-08-11,16.71,18.16,16.68,17.75,3497500.0,0.0,1.0,16.71,18.16,16.68,17.75,3497500.0
2011-08-10,16.58,17.24,16.11,16.64,5716100.0,0.0,1.0,16.58,17.24,16.11,16.64,5716100.0
2011-08-09,15.7,17.12,15.58,17.08,4870500.0,0.0,1.0,15.7,17.12,15.58,17.08,4870500.0
2011-08-08,16.88,17.11,15.37,15.46,4609300.0,0.0,1.0,16.88,17.11,15.37,15.46,4609300.0
2011-08-05,17.66,17.71,16.78,17.35,5363800.0,0.0,1.0,17.66,17.71,16.78,17.35,5363800.0
2011-08-04,18.58,18.58,17.35,17.37,3399700.0,0.0,1.0,18.58,18.58,17.35,17.37,3399700.0
2011-08-03,18.01,19.09,18.01,18.93,6099200.0,0.0,1.0,18.01,19.09,18.01,18.93,6099200.0
2011-08-02,17.69,17.76,16.99,17.07,4939800.0,0.0,1.0,17.69,17.76,16.99,17.07,4939800.0
2011-08-01,18.83,18.96,17.81,17.9,3361500.0,0.0,1.0,18.83,18.96,17.81,17.9,3361500.0
2011-07-29,18.41,18.7,18.25,18.52,2309600.0,0.0,1.0,18.41,18.7,18.25,18.52,2309600.0
2011-07-28,18.96,19.15,18.57,18.58,1772700.0,0.0,1.0,18.96,19.15,18.57,18.58,1772700.0
2011-07-27,19.38,19.41,18.82,18.91,2019100.0,0.0,1.0,19.38,19.41,18.82,18.91,2019100.0
2011-07-26,19.64,19.7,19.28,19.53,1027500.0,0.0,1.0,19.64,19.7,19.28,19.53,1027500.0
2011-07-25,19.55,19.85,19.5,19.71,653500.0,0.0,1.0,19.55,19.85,19.5,19.71,653500.0
2011-07-22,19.75,19.92,19.52,19.73,827800.0,0.0,1.0,19.75,19.92,19.52,19.73,827800.0
2011-07-21,19.54,19.89,19.45,19.77,1005900.0,0.0,1.0,19.54,19.89,19.45,19.77,1005900.0
2011-07-20,19.38,19.49,19.24,19.38,934700.0,0.0,1.0,19.38,19.49,19.24,19.38,934700.0
2011-07-19,19.05,19.39,19.05,19.31,972300.0,0.0,1.0,19.05,19.39,19.05,19.31,972300.0
2011-07-18,19.08,19.21,18.87,18.96,1280500.0,0.0,1.0,19.08,19.21,18.87,18.96,1280500.0
2011-07-15,19.14,19.14,18.8,19.13,1779400.0,0.0,1.0,19.14,19.14,18.8,19.13,1779400.0
2011-07-14,19.88,19.97,18.87,19.08,2512300.0,0.0,1.0,19.88,19.97,18.87,19.08,2512300.0
2011-07-13,19.78,20.13,19.73,19.8,1699800.0,0.0,1.0,19.78,20.13,19.73,19.8,1699800.0
2011-07-12,19.83,20.1,19.62,19.62,1215600.0,0.0,1.0,19.83,20.1,19.62,19.62,1215600.0
2011-07-11,20.2,20.2,19.66,19.86,1449300.0,0.0,1.0,20.2,20.2,19.66,19.86,1449300.0
2011-07-08,20.55,20.55,20.25,20.5,991200.0,0.0,1.0,20.55,20.55,20.25,20.5,991200.0
2011-07-07,20.77,20.97,20.69,20.86,1192400.0,0.0,1.0,20.77,20.97,20.69,20.86,1192400.0
2011-07-06,20.5,20.72,20.3,20.63,1141300.0,0.0,1.0,20.5,20.72,20.3,20.63,1141300.0
2011-07-05,20.48,20.62,20.31,20.58,1670100.0,0.0,1.0,20.48,20.62,20.31,20.58,1670100.0
2011-07-01,20.22,20.57,20.14,20.54,1715600.0,0.0,1.0,20.22,20.57,20.14,20.54,1715600.0
2011-06-30,20.23,20.57,20.12,20.2,2544500.0,0.0,1.0,20.23,20.57,20.12,20.2,2544500.0
2011-06-29,20.0,20.35,19.74,20.34,2810900.0,0.0,1.0,20.0,20.35,19.74,20.34,2810900.0
2011-06-28,19.76,19.96,19.7,19.89,1072400.0,0.0,1.0,19.76,19.96,19.7,19.89,1072400.0
2011-06-27,19.46,19.78,19.46,19.71,1481600.0,0.0,1.0,19.46,19.78,19.46,19.71,1481600.0
2011-06-24,19.81,19.9,19.32,19.46,2096200.0,0.0,1.0,19.81,19.9,19.32,19.46,2096200.0
2011-06-23,19.18,19.85,19.1,19.83,2368800.0,0.0,1.0,19.18,19.85,19.1,19.83,2368800.0
2011-06-22,19.23,19.7,19.19,19.43,1667600.0,0.0,1.0,19.23,19.7,19.19,19.43,1667600.0
2011-06-21,19.01,19.28,18.89,19.23,1418500.0,0.0,1.0,19.01,19.28,18.89,19.23,1418500.0
2011-06-20,18.75,18.95,18.67,18.91,992600.0,0.0,1.0,18.75,18.95,18.67,18.91,992600.0
2011-06-17,18.94,19.02,18.66,18.81,3116200.0,0.0,1.0,18.94,19.02,18.66,18.81,3116200.0
2011-06-16,18.85,19.07,18.64,18.82,2129400.0,0.0,1.0,18.85,19.07,18.64,18.82,2129400.0
2011-06-15,18.87,19.11,18.76,18.82,1751400.0,0.0,1.0,18.87,19.11,18.76,18.82,1751400.0
2011-06-14,18.95,19.08,18.86,19.02,2322800.0,0.0,1.0,18.95,19.08,18.86,19.02,2322800.0
2011-06-13,18.86,18.9,18.6,18.7,1485200.0,0.0,1.0,18.86,18.9,18.6,18.7,1485200.0
2011-06-10,18.9,18.99,18.62,18.74,1915800.0,0.0,1.0,18.9,18.99,18.62,18.74,1915800.0
2011-06-09,19.02,19.07,18.88,18.98,1130300.0,0.0,1.0,19.02,19.07,18.88,18.98,1130300.0
2011-06-08,18.88,19.07,18.5,19.02,2388200.0,0.0,1.0,18.88,19.07,18.5,19.02,2388200.0
2011-06-07,18.61,19.09,18.61,18.94,2489300.0,0.0,1.0,18.61,19.09,18.61,18.94,2489300.0
2011-06-06,18.95,19.11,18.49,18.54,2486300.0,0.0,1.0,18.95,19.11,18.49,18.54,2486300.0
2011-06-03,19.15,19.39,19.02,19.07,1507300.0,0.0,1.0,19.15,19.39,19.02,19.07,1507300.0
2011-06-02,19.3,19.64,19.3,19.43,2178200.0,0.0,1.0,19.3,19.64,19.3,19.43,2178200.0
2011-06-01,19.68,19.77,19.31,19.32,2905400.0,0.0,1.0,19.68,19.77,19.31,19.32,2905400.0
2011-05-31,19.74,19.79,19.66,19.75,2849000.0,0.0,1.0,19.74,19.79,19.66,19.75,2849000.0
2011-05-27,19.4,19.75,19.4,19.59,1727500.0,0.0,1.0,19.4,19.75,19.4,19.59,1727500.0
2011-05-26,19.29,19.44,19.15,19.36,1716400.0,0.0,1.0,19.29,19.44,19.15,19.36,1716400.0
2011-05-25,19.08,19.5,18.89,19.4,1600800.0,0.0,1.0,19.08,19.5,18.89,19.4,1600800.0
2011-05-24,19.45,19.58,19.16,19.16,1490700.0,0.0,1.0,19.45,19.58,19.16,19.16,1490700.0
2011-05-23,19.33,19.58,19.3,19.42,1684800.0,0.0,1.0,19.33,19.58,19.3,19.42,1684800.0
2011-05-20,19.63,19.93,19.52,19.74,3089700.0,0.0,1.0,19.63,19.93,19.52,19.74,3089700.0
2011-05-19,19.55,19.72,19.46,19.65,1326300.0,0.0,1.0,19.55,19.72,19.46,19.65,1326300.0
2011-05-18,19.18,19.51,19.1,19.42,2096600.0,0.0,1.0,19.18,19.51,19.1,19.42,2096600.0
2011-05-17,19.51,19.62,19.0,19.13,3215800.0,0.0,1.0,19.51,19.62,19.0,19.13,3215800.0
2011-05-16,19.68,19.79,19.55,19.65,2475200.0,0.0,1.0,19.68,19.79,19.55,19.65,2475200.0
2011-05-13,19.67,19.81,19.43,19.73,3411900.0,0.0,1.0,19.67,19.81,19.43,19.73,3411900.0
2011-05-12,19.5,19.85,19.32,19.59,1973100.0,0.0,1.0,19.5,19.85,19.32,19.59,1973100.0
2011-05-11,19.65,19.8,19.38,19.62,2374400.0,0.0,1.0,19.65,19.8,19.38,19.62,2374400.0
2011-05-10,19.71,19.86,19.58,19.74,1857200.0,0.0,1.0,19.71,19.86,19.58,19.74,1857200.0
2011-05-09,19.55,19.8,19.28,19.71,1719700.0,0.0,1.0,19.55,19.8,19.28,19.71,1719700.0
2011-05-06,19.63,19.91,19.52,19.58,2683300.0,0.0,1.0,19.63,19.91,19.52,19.58,2683300.0
2011-05-05,19.01,19.52,18.92,19.33,3552200.0,0.0,1.0,19.01,19.52,18.92,19.33,3552200.0
2011-05-04,20.05,20.25,18.87,19.12,9791200.0,0.0,1.0,20.05,20.25,18.87,19.12,9791200.0
2011-05-03,21.44,21.5,21.17,21.43,2585300.0,0.0,1.0,21.44,21.5,21.17,21.43,2585300.0
2011-05-02,21.86,21.86,21.36,21.46,2023900.0,0.0,1.0,21.86,21.86,21.36,21.46,2023900.0
2011-04-29,21.35,21.71,21.31,21.68,2432500.0,0.0,1.0,21.35,21.71,21.31,21.68,2432500.0
2011-04-28,20.9,21.41,20.81,21.3,3214400.0,0.0,1.0,20.9,21.41,20.81,21.3,3214400.0
2011-04-27,20.95,21.04,20.7,20.98,2608800.0,0.0,1.0,20.95,21.04,20.7,20.98,2608800.0
2011-04-26,20.95,21.05,20.82,20.9,2300000.0,0.0,1.0,20.95,21.05,20.82,20.9,2300000.0
2011-04-25,21.17,21.17,20.8,20.81,1180400.0,0.0,1.0,21.17,21.17,20.8,20.81,1180400.0
2011-04-21,21.01,21.28,20.97,21.19,1369300.0,0.0,1.0,21.01,21.28,20.97,21.19,1369300.0
2011-04-20,21.11,21.14,20.79,20.84,1913900.0,0.0,1.0,21.11,21.14,20.79,20.84,1913900.0
2011-04-19,20.65,20.93,20.65,20.86,1615100.0,0.0,1.0,20.65,20.93,20.65,20.86,1615100.0
2011-04-18,20.71,20.86,20.4,20.61,1745900.0,0.0,1.0,20.71,20.86,20.4,20.61,1745900.0
2011-04-15,20.96,21.35,20.93,20.98,2003100.0,0.0,1.0,20.96,21.35,20.93,20.98,2003100.0
2011-04-14,20.81,21.33,20.75,20.93,2400800.0,0.0,1.0,20.81,21.33,20.75,20.93,2400800.0
2011-04-13,22.09,22.15,20.16,20.9,4545400.0,0.0,1.0,22.09,22.15,20.16,20.9,4545400.0
2011-04-12,22.36,22.49,21.96,21.98,1278500.0,0.0,1.0,22.36,22.49,21.96,21.98,1278500.0
2011-04-11,22.58,22.78,22.43,22.58,1378700.0,0.0,1.0,22.58,22.78,22.43,22.58,1378700.0
2011-04-08,22.77,22.86,22.4,22.52,1137600.0,0.0,1.0,22.77,22.86,22.4,22.52,1137600.0
2011-04-07,22.82,22.88,22.52,22.63,1189900.0,0.0,1.0,22.82,22.88,22.52,22.63,1189900.0
2011-04-06,22.49,22.98,22.45,22.84,1916700.0,0.0,1.0,22.49,22.98,22.45,22.84,1916700.0
2011-04-05,22.51,22.66,22.25,22.35,1693500.0,0.0,1.0,22.51,22.66,22.25,22.35,1693500.0
2011-04-04,22.82,22.98,22.54,22.61,1204100.0,0.0,1.0,22.82,22.98,22.54,22.61,1204100.0
2011-04-01,22.6,22.79,22.51,22.79,1369900.0,0.0,1.0,22.6,22.79,22.51,22.79,1369900.0
2011-03-31,22.45,22.6,22.35,22.43,1434200.0,0.0,1.0,22.45,22.6,22.35,22.43,1434200.0
2011-03-30,22.34,22.53,22.33,22.43,1456800.0,0.0,1.0,22.34,22.53,22.33,22.43,1456800.0
2011-03-29,21.95,22.33,21.74,22.22,1805000.0,0.0,1.0,21.95,22.33,21.74,22.22,1805000.0
2011-03-28,22.51,22.51,21.93,21.93,1275800.0,0.0,1.0,22.51,22.51,21.93,21.93,1275800.0
2011-03-25,22.68,22.87,22.49,22.51,1161500.0,0.0,1.0,22.68,22.87,22.49,22.51,1161500.0
2011-03-24,22.24,22.73,22.18,22.59,1496500.0,0.0,1.0,22.24,22.73,22.18,22.59,1496500.0
2011-03-23,21.83,22.24,21.56,22.11,1212200.0,0.0,1.0,21.83,22.24,21.56,22.11,1212200.0
2011-03-22,22.09,22.22,21.79,21.88,1441500.0,0.0,1.0,22.09,22.22,21.79,21.88,1441500.0
2011-03-21,21.87,22.22,21.78,22.12,1511600.0,0.0,1.0,21.87,22.22,21.78,22.12,1511600.0
2011-03-18,21.8,21.87,21.52,21.66,1891600.0,0.0,1.0,21.8,21.87,21.52,21.66,1891600.0
2011-03-17,21.71,21.76,21.44,21.55,1591500.0,0.0,1.0,21.71,21.76,21.44,21.55,1591500.0
2011-03-16,21.81,22.02,20.98,21.33,2371100.0,0.0,1.0,21.81,22.02,20.98,21.33,2371100.0
2011-03-15,21.43,22.02,21.36,21.82,2380300.0,0.0,1.0,21.43,22.02,21.36,21.82,2380300.0
2011-03-14,22.11,22.45,21.95,22.08,2714900.0,0.0,1.0,22.11,22.45,21.95,22.08,2714900.0
2011-03-11,21.81,22.35,21.59,22.34,2054100.0,0.0,1.0,21.81,22.35,21.59,22.34,2054100.0
2011-03-10,22.15,22.15,21.68,21.77,1406600.0,0.0,1.0,22.15,22.15,21.68,21.77,1406600.0
2011-03-09,22.5,22.6,22.33,22.47,929800.0,0.0,1.0,22.5,22.6,22.33,22.47,929800.0
2011-03-08,22.33,22.64,22.04,22.52,1333400.0,0.0,1.0,22.33,22.64,22.04,22.52,1333400.0
2011-03-07,22.62,22.72,22.03,22.26,1815500.0,0.0,1.0,22.62,22.72,22.03,22.26,1815500.0
2011-03-04,22.69,22.75,22.27,22.5,1761800.0,0.0,1.0,22.69,22.75,22.27,22.5,1761800.0
2011-03-03,22.78,22.92,22.29,22.66,2163800.0,0.0,1.0,22.78,22.92,22.29,22.66,2163800.0
2011-03-02,22.44,22.8,22.32,22.67,2877900.0,0.0,1.0,22.44,22.8,22.32,22.67,2877900.0
2011-03-01,22.98,23.15,22.31,22.39,2677500.0,0.0,1.0,22.98,23.15,22.31,22.39,2677500.0
2011-02-28,22.34,23.01,22.27,22.81,3237500.0,0.0,1.0,22.34,23.01,22.27,22.81,3237500.0
2011-02-25,21.88,22.28,21.76,22.28,2062900.0,0.0,1.0,21.88,22.28,21.76,22.28,2062900.0
2011-02-24,22.09,22.37,21.52,21.83,3314700.0,0.0,1.0,22.09,22.37,21.52,21.83,3314700.0
2011-02-23,20.92,22.7,20.88,22.63,6695300.0,0.0,1.0,20.92,22.7,20.88,22.63,6695300.0
2011-02-22,23.38,23.5,22.42,22.63,4557000.0,0.0,1.0,23.38,23.5,22.42,22.63,4557000.0
2011-02-18,23.98,24.05,23.58,23.74,2373700.0,0.0,1.0,23.98,24.05,23.58,23.74,2373700.0
2011-02-17,23.86,24.18,23.6,24.03,1568600.0,0.0,1.0,23.86,24.18,23.6,24.03,1568600.0
2011-02-16,23.65,23.99,23.47,23.97,1625900.0,0.0,1.0,23.65,23.99,23.47,23.97,1625900.0
2011-02-15,23.8,23.83,23.44,23.56,1479600.0,0.0,1.0,23.8,23.83,23.44,23.56,1479600.0
2011-02-14,23.89,24.09,23.73,23.87,1933000.0,0.0,1.0,23.89,24.09,23.73,23.87,1933000.0
2011-02-11,23.65,24.01,23.56,23.98,1062200.0,0.0,1.0,23.65,24.01,23.56,23.98,1062200.0
2011-02-10,23.39,24.01,23.24,23.8,2041700.0,0.0,1.0,23.39,24.01,23.24,23.8,2041700.0
2011-02-09,23.47,23.58,23.13,23.49,1790000.0,0.0,1.0,23.47,23.58,23.13,23.49,1790000.0
2011-02-08,23.58,23.75,23.43,23.48,1839400.0,0.0,1.0,23.58,23.75,23.43,23.48,1839400.0
2011-02-07,23.62,23.91,23.54,23.61,1659700.0,0.0,1.0,23.62,23.91,23.54,23.61,1659700.0
2011-02-04,23.41,23.86,23.35,23.59,1996100.0,0.0,1.0,23.41,23.86,23.35,23.59,1996100.0
2011-02-03,23.51,23.63,23.16,23.34,1965700.0,0.0,1.0,23.51,23.63,23.16,23.34,1965700.0
2011-02-02,23.85,23.85,23.39,23.6,2934300.0,0.0,1.0,23.85,23.85,23.39,23.6,2934300.0
2011-02-01,23.81,24.14,23.81,23.89,2095200.0,0.0,1.0,23.81,24.14,23.81,23.89,2095200.0
2011-01-31,23.48,23.87,23.2,23.73,2054400.0,0.0,1.0,23.48,23.87,23.2,23.73,2054400.0
2011-01-28,23.67,23.75,23.02,23.12,1964500.0,0.0,1.0,23.67,23.75,23.02,23.12,1964500.0
2011-01-27,23.46,23.8,23.23,23.65,2582500.0,0.0,1.0,23.46,23.8,23.23,23.65,2582500.0
2011-01-26,23.22,23.62,23.2,23.58,1855300.0,0.0,1.0,23.22,23.62,23.2,23.58,1855300.0
2011-01-25,23.26,23.3,22.79,23.06,2201000.0,0.0,1.0,23.26,23.3,22.79,23.06,2201000.0
2011-01-24,21.98,23.72,21.98,23.4,4591200.0,0.0,1.0,21.98,23.72,21.98,23.4,4591200.0
2011-01-21,22.44,22.54,21.87,21.93,2244700.0,0.0,1.0,22.44,22.54,21.87,21.93,2244700.0
2011-01-20,22.17,22.33,21.85,22.24,1549300.0,0.0,1.0,22.17,22.33,21.85,22.24,1549300.0
2011-01-19,22.77,23.0,21.95,22.21,2703100.0,0.0,1.0,22.77,23.0,21.95,22.21,2703100.0
2011-01-18,22.21,22.6,22.01,22.56,2058400.0,0.0,1.0,22.21,22.6,22.01,22.56,2058400.0
2011-01-14,21.37,22.22,21.28,22.22,2326000.0,0.0,1.0,21.37,22.22,21.28,22.22,2326000.0
2011-01-13,21.57,21.74,21.32,21.36,1449400.0,0.0,1.0,21.57,21.74,21.32,21.36,1449400.0
2011-01-12,21.5,21.8,21.47,21.62,1632900.0,0.0,1.0,21.5,21.8,21.47,21.62,1632900.0
2011-01-11,21.46,21.69,21.27,21.4,2363900.0,0.0,1.0,21.46,21.69,21.27,21.4,2363900.0
2011-01-10,21.04,21.45,20.75,21.42,1722200.0,0.0,1.0,21.04,21.45,20.75,21.42,1722200.0
2011-01-07,21.08,21.4,21.04,21.16,2366800.0,0.0,1.0,21.08,21.4,21.04,21.16,2366800.0
2011-01-06,20.66,21.42,20.44,21.26,2890100.0,0.0,1.0,20.66,21.42,20.44,21.26,2890100.0
2011-01-05,20.85,21.17,20.71,20.83,2439600.0,0.0,1.0,20.85,21.17,20.71,20.83,2439600.0
2011-01-04,20.07,21.01,20.07,20.88,4804700.0,0.0,1.0,20.07,21.01,20.07,20.88,4804700.0
2011-01-03,20.02,20.36,19.98,20.04,1745700.0,0.0,1.0,20.02,20.36,19.98,20.04,1745700.0
2010-12-31,19.73,20.19,19.69,19.92,1275400.0,0.0,1.0,19.73,20.19,19.69,19.92,1275400.0
2010-12-30,19.87,19.92,19.74,19.78,849000.0,0.0,1.0,19.87,19.92,19.74,19.78,849000.0
2010-12-29,19.81,20.06,19.74,19.86,912100.0,0.0,1.0,19.81,20.06,19.74,19.86,912100.0
2010-12-28,19.68,19.82,19.58,19.8,842400.0,0.0,1.0,19.68,19.82,19.58,19.8,842400.0
2010-12-27,19.64,19.74,19.51,19.65,802500.0,0.0,1.0,19.64,19.74,19.51,19.65,802500.0
2010-12-23,20.05,20.05,19.64,19.77,1392500.0,0.0,1.0,20.05,20.05,19.64,19.77,1392500.0
2010-12-22,19.93,20.22,19.9,20.12,1683600.0,0.0,1.0,19.93,20.22,19.9,20.12,1683600.0
2010-12-21,19.56,20.01,19.35,19.93,1981200.0,0.0,1.0,19.56,20.01,19.35,19.93,1981200.0
2010-12-20,19.47,19.73,19.41,19.47,1961400.0,0.0,1.0,19.47,19.73,19.41,19.47,1961400.0
2010-12-17,19.75,19.87,19.23,19.47,4650900.0,0.0,1.0,19.75,19.87,19.23,19.47,4650900.0
2010-12-16,20.08,20.17,19.73,19.8,2644200.0,0.0,1.0,20.08,20.17,19.73,19.8,2644200.0
2010-12-15,20.06,20.47,20.01,20.11,1927800.0,0.0,1.0,20.06,20.47,20.01,20.11,1927800.0
2010-12-14,19.81,20.14,19.8,20.06,2056600.0,0.0,1.0,19.81,20.14,19.8,20.06,2056600.0
2010-12-13,20.04,20.26,19.8,19.82,2037500.0,0.0,1.0,20.04,20.26,19.8,19.82,2037500.0
2010-12-10,19.78,20.03,19.74,19.94,1864900.0,0.0,1.0,19.78,20.03,19.74,19.94,1864900.0
2010-12-09,19.54,20.02,19.46,19.74,2607400.0,0.0,1.0,19.54,20.02,19.46,19.74,2607400.0
2010-12-08,19.0,19.6,18.92,19.53,3481800.0,0.0,1.0,19.0,19.6,18.92,19.53,3481800.0
2010-12-07,19.17,19.28,18.91,19.07,2153600.0,0.0,1.0,19.17,19.28,18.91,19.07,2153600.0
2010-12-06,18.63,19.06,18.54,19.0,2381600.0,0.0,1.0,18.63,19.06,18.54,19.0,2381600.0
2010-12-03,18.2,18.85,18.2,18.73,2588100.0,0.0,1.0,18.2,18.85,18.2,18.73,2588100.0
2010-12-02,17.8,18.35,17.71,18.32,2564200.0,0.0,1.0,17.8,18.35,17.71,18.32,2564200.0
2010-12-01,17.96,17.96,17.69,17.8,2444700.0,0.0,1.0,17.96,17.96,17.69,17.8,2444700.0
2010-11-30,17.69,17.76,17.49,17.61,2794800.0,0.0,1.0,17.69,17.76,17.49,17.61,2794800.0
2010-11-29,17.72,18.0,17.44,17.84,3150700.0,0.0,1.0,17.72,18.0,17.44,17.84,3150700.0
2010-11-26,17.93,17.93,17.76,17.83,724800.0,0.0,1.0,17.93,17.93,17.76,17.83,724800.0
2010-11-24,17.69,18.13,17.68,18.11,2092100.0,0.0,1.0,17.69,18.13,17.68,18.11,2092100.0
2010-11-23,17.6,17.75,17.35,17.55,2221700.0,0.0,1.0,17.6,17.75,17.35,17.55,2221700.0
2010-11-22,17.65,17.86,17.48,17.76,1916800.0,0.0,1.0,17.65,17.86,17.48,17.76,1916800.0
2010-11-19,17.99,18.04,17.61,17.7,2178700.0,0.0,1.0,17.99,18.04,17.61,17.7,2178700.0
2010-11-18,17.91,18.21,17.89,17.98,2795700.0,0.0,1.0,17.91,18.21,17.89,17.98,2795700.0
2010-11-17,17.11,17.82,17.1,17.73,4234900.0,0.0,1.0,17.11,17.82,17.1,17.73,4234900.0
2010-11-16,17.26,17.26,17.01,17.05,1711000.0,0.0,1.0,17.26,17.26,17.01,17.05,1711000.0
2010-11-15,17.38,17.62,17.37,17.38,1233500.0,0.0,1.0,17.38,17.62,17.37,17.38,1233500.0
2010-11-12,17.64,17.66,17.11,17.31,2271500.0,0.0,1.0,17.64,17.66,17.11,17.31,2271500.0
2010-11-11,17.68,17.9,17.5,17.85,1718700.0,0.0,1.0,17.68,17.9,17.5,17.85,1718700.0
2010-11-10,17.59,17.85,17.31,17.82,3027800.0,0.0,1.0,17.59,17.85,17.31,17.82,3027800.0
2010-11-09,18.06,18.07,17.51,17.56,3112800.0,0.0,1.0,18.06,18.07,17.51,17.56,3112800.0
2010-11-08,17.75,18.12,17.75,18.0,3340600.0,0.0,1.0,17.75,18.12,17.75,18.0,3340600.0
2010-11-05,17.77,17.87,17.62,17.85,4441200.0,0.0,1.0,17.77,17.87,17.62,17.85,4441200.0
2010-11-04,18.21,18.25,17.59,17.77,7267500.0,0.0,1.0,18.21,18.25,17.59,17.77,7267500.0
2010-11-03,18.79,18.79,17.71,17.94,12587800.0,0.0,1.0,18.79,18.79,17.71,17.94,12587800.0
2010-11-02,19.97,19.99,19.75,19.93,1691700.0,0.0,1.0,19.97,19.99,19.75,19.93,1691700.0
2010-11-01,19.84,20.03,19.65,19.77,1201600.0,0.0,1.0,19.84,20.03,19.65,19.77,1201600.0
2010-10-29,19.75,19.78,19.5,19.66,1315000.0,0.0,1.0,19.75,19.78,19.5,19.66,1315000.0
2010-10-28,19.6,19.83,19.5,19.82,1174300.0,0.0,1.0,19.6,19.83,19.5,19.82,1174300.0
2010-10-27,19.8,19.8,19.3,19.52,1068700.0,0.0,1.0,19.8,19.8,19.3,19.52,1068700.0
2010-10-26,19.91,20.13,19.81,19.95,1074000.0,0.0,1.0,19.91,20.13,19.81,19.95,1074000.0
2010-10-25,19.52,20.14,19.52,19.88,1713400.0,0.0,1.0,19.52,20.14,19.52,19.88,1713400.0
2010-10-22,20.19,20.24,19.35,19.4,2305100.0,0.0,1.0,20.19,20.24,19.35,19.4,2305100.0
2010-10-21,20.07,20.31,20.01,20.2,1204600.0,0.0,1.0,20.07,20.31,20.01,20.2,1204600.0
2010-10-20,19.72,20.08,19.72,20.03,1071900.0,0.0,1.0,19.72,20.08,19.72,20.03,1071900.0
2010-10-19,20.05,20.22,19.62,19.75,1453800.0,0.0,1.0,20.05,20.22,19.62,19.75,1453800.0
2010-10-18,20.11,20.28,20.03,20.28,877400.0,0.0,1.0,20.11,20.28,20.03,20.28,877400.0
2010-10-15,20.3,20.4,19.85,20.08,1967600.0,0.0,1.0,20.3,20.4,19.85,20.08,1967600.0
2010-10-14,20.41,20.5,20.04,20.16,954800.0,0.0,1.0,20.41,20.5,20.04,20.16,954800.0
2010-10-13,20.36,20.45,20.24,20.42,1575500.0,0.0,1.0,20.36,20.45,20.24,20.42,1575500.0
2010-10-12,20.1,20.26,19.87,20.21,1632100.0,0.0,1.0,20.1,20.26,19.87,20.21,1632100.0
2010-10-11,19.95,20.18,19.85,20.1,993300.0,0.0,1.0,19.95,20.18,19.85,20.1,993300.0
2010-10-08,19.82,20.18,19.66,20.0,2137400.0,0.0,1.0,19.82,20.18,19.66,20.0,2137400.0
2010-10-07,19.2,19.84,19.03,19.81,2749100.0,0.0,1.0,19.2,19.84,19.03,19.81,2749100.0
2010-10-06,19.08,19.26,18.9,19.1,1486500.0,0.0,1.0,19.08,19.26,18.9,19.1,1486500.0
2010-10-05,18.89,19.17,18.71,19.16,2538000.0,0.0,1.0,18.89,19.17,18.71,19.16,2538000.0
2010-10-04,18.86,19.19,18.72,18.83,1588500.0,0.0,1.0,18.86,19.19,18.72,18.83,1588500.0
2010-10-01,19.24,19.27,18.95,19.01,1861000.0,0.0,1.0,19.24,19.27,18.95,19.01,1861000.0
2010-09-30,19.3,19.56,19.01,19.08,1518700.0,0.0,1.0,19.3,19.56,19.01,19.08,1518700.0
2010-09-29,19.21,19.34,19.15,19.26,1610000.0,0.0,1.0,19.21,19.34,19.15,19.26,1610000.0
2010-09-28,19.48,19.5,18.91,19.31,1954200.0,0.0,1.0,19.48,19.5,18.91,19.31,1954200.0
2010-09-27,18.86,19.54,18.81,19.38,2718300.0,0.0,1.0,18.86,19.54,18.81,19.38,2718300.0
2010-09-24,18.46,18.91,18.46,18.86,1663800.0,0.0,1.0,18.46,18.91,18.46,18.86,1663800.0
2010-09-23,18.32,18.68,18.15,18.28,1228300.0,0.0,1.0,18.32,18.68,18.15,18.28,1228300.0
2010-09-22,18.77,18.96,18.4,18.5,1165700.0,0.0,1.0,18.77,18.96,18.4,18.5,1165700.0
2010-09-21,18.64,18.99,18.62,18.77,2612400.0,0.0,1.0,18.64,18.99,18.62,18.77,2612400.0
2010-09-20,18.25,18.77,18.2,18.7,2623100.0,0.0,1.0,18.25,18.77,18.2,18.7,2623100.0
2010-09-17,17.85,18.33,17.73,18.21,3322800.0,0.0,1.0,17.85,18.33,17.73,18.21,3322800.0
2010-09-16,17.91,17.95,17.63,17.71,1562700.0,0.0,1.0,17.91,17.95,17.63,17.71,1562700.0
2010-09-15,17.81,18.13,17.7,17.95,1801900.0,0.0,1.0,17.81,18.13,17.7,17.95,1801900.0
2010-09-14,17.75,17.94,17.43,17.84,4935700.0,0.0,1.0,17.75,17.94,17.43,17.84,4935700.0
2010-09-13,18.38,18.44,17.39,17.72,6002600.0,0.0,1.0,18.38,18.44,17.39,17.72,6002600.0
2010-09-10,18.29,18.41,18.13,18.22,1786800.0,0.0,1.0,18.29,18.41,18.13,18.22,1786800.0
2010-09-09,18.97,19.0,18.14,18.26,1759800.0,0.0,1.0,18.97,19.0,18.14,18.26,1759800.0
2010-09-08,18.46,18.81,18.43,18.73,1192500.0,0.0,1.0,18.46,18.81,18.43,18.73,1192500.0
2010-09-07,18.75,18.83,18.43,18.46,999700.0,0.0,1.0,18.75,18.83,18.43,18.46,999700.0
2010-09-03,18.92,19.04,18.62,18.87,1190200.0,0.0,1.0,18.92,19.04,18.62,18.87,1190200.0
2010-09-02,18.44,18.71,18.4,18.7,1404200.0,0.0,1.0,18.44,18.71,18.4,18.7,1404200.0
2010-09-01,18.26,18.54,18.25,18.45,1670700.0,0.0,1.0,18.26,18.54,18.25,18.45,1670700.0
2010-08-31,17.84,18.1,17.8,17.94,1665800.0,0.0,1.0,17.84,18.1,17.8,17.94,1665800.0
2010-08-30,18.28,18.54,17.93,17.95,1569400.0,0.0,1.0,18.28,18.54,17.93,17.95,1569400.0
2010-08-27,18.01,18.41,17.8,18.41,2239900.0,0.0,1.0,18.01,18.41,17.8,18.41,2239900.0
2010-08-26,18.1,18.35,17.85,17.93,2031500.0,0.0,1.0,18.1,18.35,17.85,17.93,2031500.0
2010-08-25,18.03,18.18,17.9,18.05,3970200.0,0.0,1.0,18.03,18.18,17.9,18.05,3970200.0
2010-08-24,18.45,18.54,18.0,18.18,3214900.0,0.0,1.0,18.45,18.54,18.0,18.18,3214900.0
2010-08-23,18.89,19.16,18.65,18.69,1406500.0,0.0,1.0,18.89,19.16,18.65,18.69,1406500.0
2010-08-20,18.79,18.93,18.56,18.85,2091900.0,0.0,1.0,18.79,18.93,18.56,18.85,2091900.0
2010-08-19,19.17,19.24,18.75,18.91,1391100.0,0.0,1.0,19.17,19.24,18.75,18.91,1391100.0
2010-08-18,19.2,19.46,19.01,19.31,1468000.0,0.0,1.0,19.2,19.46,19.01,19.31,1468000.0
2010-08-17,18.89,19.65,18.8,19.24,3443200.0,0.0,1.0,18.89,19.65,18.8,19.24,3443200.0
2010-08-16,18.75,18.92,18.5,18.78,1630700.0,0.0,1.0,18.75,18.92,18.5,18.78,1630700.0
2010-08-13,18.73,19.07,18.7,18.88,1554900.0,0.0,1.0,18.73,19.07,18.7,18.88,1554900.0
2010-08-12,18.36,18.93,18.36,18.84,2447100.0,0.0,1.0,18.36,18.93,18.36,18.84,2447100.0
2010-08-11,19.17,19.27,18.66,18.72,2753700.0,0.0,1.0,19.17,19.27,18.66,18.72,2753700.0
2010-08-10,19.35,19.44,19.17,19.42,2021400.0,0.0,1.0,19.35,19.44,19.17,19.42,2021400.0
2010-08-09,19.38,19.53,19.28,19.49,1995100.0,0.0,1.0,19.38,19.53,19.28,19.49,1995100.0
2010-08-06,19.39,19.7,19.27,19.39,3553300.0,0.0,1.0,19.39,19.7,19.27,19.39,3553300.0
2010-08-05,19.88,20.07,19.51,19.59,4622300.0,0.0,1.0,19.88,20.07,19.51,19.59,4622300.0
2010-08-04,20.34,20.89,19.41,20.29,9765800.0,0.0,1.0,20.34,20.89,19.41,20.29,9765800.0
2010-08-03,21.73,21.8,21.21,21.44,2697200.0,0.0,1.0,21.73,21.8,21.21,21.44,2697200.0
2010-08-02,21.75,22.06,21.63,21.76,2686400.0,0.0,1.0,21.75,22.06,21.63,21.76,2686400.0
2010-07-30,21.47,21.94,21.25,21.48,2787900.0,0.0,1.0,21.47,21.94,21.25,21.48,2787900.0
2010-07-29,22.05,22.06,21.34,21.66,2146200.0,0.0,1.0,22.05,22.06,21.34,21.66,2146200.0
2010-07-28,22.06,22.06,21.64,21.78,1874500.0,0.0,1.0,22.06,22.06,21.64,21.78,1874500.0
2010-07-27,22.65,22.66,21.99,22.06,1894300.0,0.0,1.0,22.65,22.66,21.99,22.06,1894300.0
2010-07-26,22.14,22.5,22.06,22.5,1234000.0,0.0,1.0,22.14,22.5,22.06,22.5,1234000.0
2010-07-23,21.89,22.18,21.7,22.18,1552700.0,0.0,1.0,21.89,22.18,21.7,22.18,1552700.0
2010-07-22,21.58,21.93,21.52,21.89,2020100.0,0.0,1.0,21.58,21.93,21.52,21.89,2020100.0
2010-07-21,21.54,21.67,21.14,21.28,2479600.0,0.0,1.0,21.54,21.67,21.14,21.28,2479600.0
2010-07-20,20.28,21.41,20.18,21.37,1999300.0,0.0,1.0,20.28,21.41,20.18,21.37,1999300.0
2010-07-19,20.38,20.71,20.34,20.57,1713400.0,0.0,1.0,20.38,20.71,20.34,20.57,1713400.0
2010-07-16,21.12,21.12,20.26,20.31,2752400.0,0.0,1.0,21.12,21.12,20.26,20.31,2752400.0
2010-07-15,21.47,21.5,21.02,21.3,1446300.0,0.0,1.0,21.47,21.5,21.02,21.3,1446300.0
2010-07-14,21.43,21.66,21.15,21.5,1597800.0,0.0,1.0,21.43,21.66,21.15,21.5,1597800.0
2010-07-13,21.48,21.66,21.3,21.58,2172200.0,0.0,1.0,21.48,21.66,21.3,21.58,2172200.0
2010-07-12,21.52,21.7,21.2,21.31,1039800.0,0.0,1.0,21.52,21.7,21.2,21.31,1039800.0
2010-07-09,21.17,21.64,20.93,21.63,1232000.0,0.0,1.0,21.17,21.64,20.93,21.63,1232000.0
2010-07-08,21.14,21.23,20.88,21.17,1384600.0,0.0,1.0,21.14,21.23,20.88,21.17,1384600.0
2010-07-07,20.23,20.82,20.13,20.81,2475900.0,0.0,1.0,20.23,20.82,20.13,20.81,2475900.0
2010-07-06,20.61,20.82,20.08,20.32,1696700.0,0.0,1.0,20.61,20.82,20.08,20.32,1696700.0
2010-07-02,20.45,20.67,20.08,20.25,1672900.0,0.0,1.0,20.45,20.67,20.08,20.25,1672900.0
2010-07-01,20.8,20.8,20.22,20.47,2709100.0,0.0,1.0,20.8,20.8,20.22,20.47,2709100.0
2010-06-30,20.8,21.14,20.61,20.65,1983100.0,0.0,1.0,20.8,21.14,20.61,20.65,1983100.0
2010-06-29,21.32,21.62,20.73,20.9,1990500.0,0.0,1.0,21.32,21.62,20.73,20.9,1990500.0
2010-06-28,21.77,22.13,21.62,21.88,1638100.0,0.0,1.0,21.77,22.13,21.62,21.88,1638100.0
2010-06-25,21.76,21.93,21.43,21.86,1515600.0,0.0,1.0,21.76,21.93,21.43,21.86,1515600.0
2010-06-24,22.05,22.18,21.57,21.64,1892500.0,0.0,1.0,22.05,22.18,21.57,21.64,1892500.0
2010-06-23,22.12,22.38,21.78,22.14,2515000.0,0.0,1.0,22.12,22.38,21.78,22.14,2515000.0
2010-06-22,22.57,22.85,22.08,22.12,1835100.0,0.0,1.0,22.57,22.85,22.08,22.12,1835100.0
2010-06-21,22.99,23.23,22.43,22.57,2035000.0,0.0,1.0,22.99,23.23,22.43,22.57,2035000.0
2010-06-18,23.13,23.15,22.71,22.85,3552500.0,0.0,1.0,23.13,23.15,22.71,22.85,3552500.0
2010-06-17,22.75,23.12,22.47,23.03,3527100.0,0.0,1.0,22.75,23.12,22.47,23.03,3527100.0
2010-06-16,22.33,22.89,22.22,22.68,2825600.0,0.0,1.0,22.33,22.89,22.22,22.68,2825600.0
2010-06-15,21.96,22.43,21.66,22.4,2263500.0,0.0,1.0,21.96,22.43,21.66,22.4,2263500.0
2010-06-14,21.95,22.07,21.67,21.78,3680800.0,0.0,1.0,21.95,22.07,21.67,21.78,3680800.0
2010-06-11,21.07,21.77,21.06,21.76,2406900.0,0.0,1.0,21.07,21.77,21.06,21.76,2406900.0
2010-06-10,20.91,21.31,20.75,21.3,2192600.0,0.0,1.0,20.91,21.31,20.75,21.3,2192600.0
2010-06-09,20.94,21.05,20.5,20.58,3116200.0,0.0,1.0,20.94,21.05,20.5,20.58,3116200.0
2010-06-08,20.01,20.29,19.78,20.25,3390900.0,0.0,1.0,20.01,20.29,19.78,20.25,3390900.0
2010-06-07,20.91,20.91,19.94,20.01,2971400.0,0.0,1.0,20.91,20.91,19.94,20.01,2971400.0
2010-06-04,20.6,21.19,20.6,20.87,5977900.0,0.0,1.0,20.6,21.19,20.6,20.87,5977900.0
2010-06-03,20.73,21.21,20.7,21.08,2584800.0,0.0,1.0,20.73,21.21,20.7,21.08,2584800.0
2010-06-02,20.42,20.68,20.21,20.66,2092100.0,0.0,1.0,20.42,20.68,20.21,20.66,2092100.0
2010-06-01,20.54,20.8,20.2,20.2,2826900.0,0.0,1.0,20.54,20.8,20.2,20.2,2826900.0
2010-05-28,20.86,20.96,20.54,20.73,2651200.0,0.0,1.0,20.86,20.96,20.54,20.73,2651200.0
2010-05-27,20.6,20.97,20.01,20.89,3436600.0,0.0,1.0,20.6,20.97,20.01,20.89,3436600.0
2010-05-26,20.69,21.22,20.61,20.66,2983900.0,0.0,1.0,20.69,21.22,20.61,20.66,2983900.0
2010-05-25,20.24,20.65,19.96,20.63,3880400.0,0.0,1.0,20.24,20.65,19.96,20.63,3880400.0
2010-05-24,21.01,21.18,20.63,20.81,3192300.0,0.0,1.0,21.01,21.18,20.63,20.81,3192300.0
2010-05-21,20.31,21.23,20.3,21.12,4367600.0,0.0,1.0,20.31,21.23,20.3,21.12,4367600.0
2010-05-20,21.39,21.4,20.52,20.72,7554700.0,0.0,1.0,21.39,21.4,20.52,20.72,7554700.0
2010-05-19,21.83,22.11,21.3,21.81,5226300.0,0.0,1.0,21.83,22.11,21.3,21.81,5226300.0
2010-05-18,22.6,23.01,22.06,22.06,5731200.0,0.0,1.0,22.6,23.01,22.06,22.06,5731200.0
2010-05-17,22.44,22.77,22.05,22.44,4052500.0,0.0,1.0,22.44,22.77,22.05,22.44,4052500.0
2010-05-14,22.39,22.75,22.13,22.43,6317900.0,0.0,1.0,22.39,22.75,22.13,22.43,6317900.0
2010-05-13,21.58,23.04,21.58,22.62,6980800.0,0.0,1.0,21.58,23.04,21.58,22.62,6980800.0
2010-05-12,20.72,21.74,20.71,21.69,3863300.0,0.0,1.0,20.72,21.74,20.71,21.69,3863300.0
2010-05-11,20.32,20.95,20.21,20.59,3574000.0,0.0,1.0,20.32,20.95,20.21,20.59,3574000.0
2010-05-10,20.3,20.62,20.13,20.6,2965100.0,0.0,1.0,20.3,20.62,20.13,20.6,2965100.0
2010-05-07,20.06,20.5,19.54,19.67,5553100.0,0.0,1.0,20.06,20.5,19.54,19.67,5553100.0
2010-05-06,19.73,20.93,18.41,20.01,8701600.0,0.0,1.0,19.73,20.93,18.41,20.01,8701600.0
2010-05-05,18.65,20.04,18.13,19.59,5435800.0,0.0,1.0,18.65,20.04,18.13,19.59,5435800.0
2010-05-04,19.82,19.89,19.35,19.65,3846800.0,0.0,1.0,19.82,19.89,19.35,19.65,3846800.0
2010-05-03,20.21,20.24,19.89,20.12,2089600.0,0.0,1.0,20.21,20.24,19.89,20.12,2089600.0
2010-04-30,20.33,20.41,20.0,20.13,3018500.0,0.0,1.0,20.33,20.41,20.0,20.13,3018500.0
2010-04-29,19.91,20.39,19.88,20.33,2204800.0,0.0,1.0,19.91,20.39,19.88,20.33,2204800.0
2010-04-28,19.68,20.0,19.58,19.76,2050200.0,0.0,1.0,19.68,20.0,19.58,19.76,2050200.0
2010-04-27,19.87,20.18,19.56,19.57,3078000.0,0.0,1.0,19.87,20.18,19.56,19.57,3078000.0
2010-04-26,20.02,20.05,19.38,19.93,3979000.0,0.0,1.0,20.02,20.05,19.38,19.93,3979000.0
2010-04-23,20.11,20.36,19.96,20.09,3808200.0,0.0,1.0,20.11,20.36,19.96,20.09,3808200.0
2010-04-22,20.02,20.25,19.8,20.21,2427600.0,0.0,1.0,20.02,20.25,19.8,20.21,2427600.0
2010-04-21,19.76,20.25,19.76,20.19,3133000.0,0.0,1.0,19.76,20.25,19.76,20.19,3133000.0
2010-04-20,19.55,19.85,19.43,19.77,1907300.0,0.0,1.0,19.55,19.85,19.43,19.77,1907300.0
2010-04-19,19.27,19.47,19.15,19.47,2654000.0,0.0,1.0,19.27,19.47,19.15,19.47,2654000.0
2010-04-16,19.54,19.73,19.16,19.33,2466800.0,0.0,1.0,19.54,19.73,19.16,19.33,2466800.0
2010-04-15,19.54,19.81,19.37,19.62,3433700.0,0.0,1.0,19.54,19.81,19.37,19.62,3433700.0
2010-04-14,19.9,19.9,19.51,19.55,3509300.0,0.0,1.0,19.9,19.9,19.51,19.55,3509300.0
2010-04-13,19.95,19.97,19.59,19.81,2319800.0,0.0,1.0,19.95,19.97,19.59,19.81,2319800.0
2010-04-12,20.47,20.5,20.0,20.0,3387000.0,0.0,1.0,20.47,20.5,20.0,20.0,3387000.0
2010-04-09,19.89,20.34,19.82,20.34,3297400.0,0.0,1.0,19.89,20.34,19.82,20.34,3297400.0
2010-04-08,19.68,19.9,19.57,19.89,2178100.0,0.0,1.0,19.68,19.9,19.57,19.89,2178100.0
2010-04-07,19.88,19.92,19.63,19.76,2773400.0,0.0,1.0,19.88,19.92,19.63,19.76,2773400.0
2010-04-06,19.69,19.96,19.49,19.96,2761400.0,0.0,1.0,19.69,19.96,19.49,19.96,2761400.0
2010-04-05,19.55,19.79,19.48,19.75,1335200.0,0.0,1.0,19.55,19.79,19.48,19.75,1335200.0
2010-04-01,19.24,19.57,19.24,19.55,1787300.0,0.0,1.0,19.24,19.57,19.24,19.55,1787300.0
2010-03-31,19.03,19.25,18.84,19.16,3920800.0,0.0,1.0,19.03,19.25,18.84,19.16,3920800.0
2010-03-30,19.49,19.5,19.03,19.11,2863800.0,0.0,1.0,19.49,19.5,19.03,19.11,2863800.0
2010-03-29,19.54,19.56,19.39,19.46,3011100.0,0.0,1.0,19.54,19.56,19.39,19.46,3011100.0
2010-03-26,19.6,19.7,19.26,19.41,1686100.0,0.0,1.0,19.6,19.7,19.26,19.41,1686100.0
2010-03-25,20.01,20.04,19.47,19.49,2351800.0,0.0,1.0,20.01,20.04,19.47,19.49,2351800.0
2010-03-24,20.07,20.07,19.83,19.98,2438200.0,0.0,1.0,20.07,20.07,19.83,19.98,2438200.0
2010-03-23,19.78,20.07,19.68,20.06,1952000.0,0.0,1.0,19.78,20.07,19.68,20.06,1952000.0
2010-03-22,19.3,19.76,19.24,19.72,2178200.0,0.0,1.0,19.3,19.76,19.24,19.72,2178200.0
2010-03-19,19.42,19.8,19.33,19.42,2255700.0,0.0,1.0,19.42,19.8,19.33,19.42,2255700.0
2010-03-18,19.71,20.06,19.58,19.62,1891800.0,0.0,1.0,19.71,20.06,19.58,19.62,1891800.0
2010-03-17,19.54,20.06,19.54,19.76,3671500.0,0.0,1.0,19.54,20.06,19.54,19.76,3671500.0
2010-03-16,19.08,19.56,18.92,19.45,2672600.0,0.0,1.0,19.08,19.56,18.92,19.45,2672600.0
2010-03-15,19.1,19.22,18.8,18.97,916600.0,0.0,1.0,19.1,19.22,18.8,18.97,916600.0
2010-03-12,18.88,19.14,18.63,19.13,3572200.0,0.0,1.0,18.88,19.14,18.63,19.13,3572200.0
2010-03-11,18.56,18.71,18.39,18.68,1493200.0,0.0,1.0,18.56,18.71,18.39,18.68,1493200.0
2010-03-10,18.63,18.67,18.35,18.61,2430600.0,0.0,1.0,18.63,18.67,18.35,18.61,2430600.0
2010-03-09,18.53,18.82,18.51,18.69,2230200.0,0.0,1.0,18.53,18.82,18.51,18.69,2230200.0
2010-03-08,18.69,18.77,18.59,18.6,1648700.0,0.0,1.0,18.69,18.77,18.59,18.6,1648700.0
2010-03-05,18.65,18.79,18.41,18.69,2373200.0,0.0,1.0,18.65,18.79,18.41,18.69,2373200.0
2010-03-04,18.81,18.92,18.52,18.62,3170100.0,0.0,1.0,18.81,18.92,18.52,18.62,3170100.0
2010-03-03,19.03,19.3,18.8,18.8,2875300.0,0.0,1.0,19.03,19.3,18.8,18.8,2875300.0
2010-03-02,19.24,19.37,18.93,18.94,2210100.0,0.0,1.0,19.24,19.37,18.93,18.94,2210100.0
2010-03-01,19.12,19.3,18.96,19.19,3216800.0,0.0,1.0,19.12,19.3,18.96,19.19,3216800.0
2010-02-26,19.18,19.35,18.92,19.0,3186900.0,0.0,1.0,19.18,19.35,18.92,19.0,3186900.0
2010-02-25,18.93,19.24,18.54,19.23,2050800.0,0.0,1.0,18.93,19.24,18.54,19.23,2050800.0
2010-02-24,19.1,19.42,18.98,19.16,3267800.0,0.0,1.0,19.1,19.42,18.98,19.16,3267800.0
2010-02-23,19.21,19.36,18.87,19.04,4103800.0,0.0,1.0,19.21,19.36,18.87,19.04,4103800.0
2010-02-22,18.52,19.49,18.47,19.26,7420900.0,0.0,1.0,18.52,19.49,18.47,19.26,7420900.0
2010-02-19,17.94,18.17,17.79,17.88,3549600.0,0.0,1.0,17.94,18.17,17.79,17.88,3549600.0
2010-02-18,17.55,18.03,17.54,18.0,2115700.0,0.0,1.0,17.55,18.03,17.54,18.0,2115700.0
2010-02-17,17.72,17.83,17.5,17.61,1916700.0,0.0,1.0,17.72,17.83,17.5,17.61,1916700.0
2010-02-16,17.7,17.75,17.48,17.67,2156300.0,0.0,1.0,17.7,17.75,17.48,17.67,2156300.0
2010-02-12,17.39,17.57,17.21,17.49,1876700.0,0.0,1.0,17.39,17.57,17.21,17.49,1876700.0
2010-02-11,17.41,17.69,17.2,17.59,1444300.0,0.0,1.0,17.41,17.69,17.2,17.59,1444300.0
2010-02-10,17.53,17.59,17.11,17.43,2385700.0,0.0,1.0,17.53,17.59,17.11,17.43,2385700.0
2010-02-09,17.56,17.77,17.31,17.6,2515900.0,0.0,1.0,17.56,17.77,17.31,17.6,2515900.0
2010-02-08,17.27,17.61,17.05,17.33,2515200.0,0.0,1.0,17.27,17.61,17.05,17.33,2515200.0
2010-02-05,17.64,17.71,16.75,17.16,5757600.0,0.0,1.0,17.64,17.71,16.75,17.16,5757600.0
2010-02-04,18.28,18.29,17.65,17.69,2989300.0,0.0,1.0,18.28,18.29,17.65,17.69,2989300.0
2010-02-03,18.4,18.66,18.3,18.45,2372700.0,0.0,1.0,18.4,18.66,18.3,18.45,2372700.0
2010-02-02,18.46,18.53,18.26,18.38,1734200.0,0.0,1.0,18.46,18.53,18.26,18.38,1734200.0
2010-02-01,18.45,18.6,18.28,18.38,2303300.0,0.0,1.0,18.45,18.6,18.28,18.38,2303300.0
2010-01-29,18.43,18.67,18.2,18.22,2578100.0,0.0,1.0,18.43,18.67,18.2,18.22,2578100.0
2010-01-28,18.99,18.99,18.18,18.2,3047800.0,0.0,1.0,18.99,18.99,18.18,18.2,3047800.0
2010-01-27,18.42,18.53,17.92,18.51,3536400.0,0.0,1.0,18.42,18.53,17.92,18.51,3536400.0
2010-01-26,18.42,18.64,18.15,18.43,2911100.0,0.0,1.0,18.42,18.64,18.15,18.43,2911100.0
2010-01-25,18.62,18.75,18.27,18.41,2922900.0,0.0,1.0,18.62,18.75,18.27,18.41,2922900.0
2010-01-22,18.75,19.17,18.32,18.37,5362000.0,0.0,1.0,18.75,19.17,18.32,18.37,5362000.0
2010-01-21,18.72,19.12,18.49,18.5,5301500.0,0.0,1.0,18.72,19.12,18.49,18.5,5301500.0
2010-01-20,18.49,18.7,18.16,18.65,4834200.0,0.0,1.0,18.49,18.7,18.16,18.65,4834200.0
2010-01-19,18.5,18.65,17.96,18.48,7047900.0,0.0,1.0,18.5,18.65,17.96,18.48,7047900.0
2010-01-15,19.52,19.57,19.04,19.06,5393000.0,0.0,1.0,19.52,19.57,19.04,19.06,5393000.0
2010-01-14,20.21,20.4,19.34,19.44,5720000.0,0.0,1.0,20.21,20.4,19.34,19.44,5720000.0
2010-01-13,20.6,20.7,20.04,20.63,3291000.0,0.0,1.0,20.6,20.7,20.04,20.63,3291000.0
2010-01-12,20.85,20.93,20.43,20.59,3404200.0,0.0,1.0,20.85,20.93,20.43,20.59,3404200.0
2010-01-11,21.92,21.96,20.65,20.98,6053300.0,0.0,1.0,21.92,21.96,20.65,20.98,6053300.0
2010-01-08,22.13,22.22,21.7,21.86,2612400.0,0.0,1.0,22.13,22.22,21.7,21.86,2612400.0
2010-01-07,21.98,22.35,21.86,22.27,1940800.0,0.0,1.0,21.98,22.35,21.86,22.27,1940800.0
2010-01-06,21.36,22.1,21.26,21.94,2901900.0,0.0,1.0,21.36,22.1,21.26,21.94,2901900.0
2010-01-05,21.32,21.5,21.1,21.33,2156000.0,0.0,1.0,21.32,21.5,21.1,21.33,2156000.0
2010-01-04,21.12,21.28,21.0,21.24,2460200.0,0.0,1.0,21.12,21.28,21.0,21.24,2460200.0
2009-12-31,21.1,21.1,20.84,20.84,967500.0,0.0,1.0,21.1,21.1,20.84,20.84,967500.0
2009-12-30,21.26,21.44,20.96,21.0,1912800.0,0.0,1.0,21.26,21.44,20.96,21.0,1912800.0
2009-12-29,21.75,21.75,21.4,21.51,1268200.0,0.0,1.0,21.75,21.75,21.4,21.51,1268200.0
2009-12-28,21.75,21.75,21.45,21.61,1465300.0,0.0,1.0,21.75,21.75,21.45,21.61,1465300.0
2009-12-24,21.62,21.82,21.52,21.6,617000.0,0.0,1.0,21.62,21.82,21.52,21.6,617000.0
2009-12-23,22.12,22.12,21.45,21.54,2206800.0,0.0,1.0,22.12,22.12,21.45,21.54,2206800.0
2009-12-22,21.36,21.99,21.35,21.89,5503000.0,0.0,1.0,21.36,21.99,21.35,21.89,5503000.0
2009-12-21,21.0,21.36,20.79,21.29,1905500.0,0.0,1.0,21.0,21.36,20.79,21.29,1905500.0
2009-12-18,20.89,20.89,20.42,20.87,2762900.0,0.0,1.0,20.89,20.89,20.42,20.87,2762900.0
2009-12-17,20.94,21.1,20.63,20.65,3349200.0,0.0,1.0,20.94,21.1,20.63,20.65,3349200.0
2009-12-16,21.07,21.28,20.77,20.89,2628000.0,0.0,1.0,21.07,21.28,20.77,20.89,2628000.0
2009-12-15,20.22,20.89,20.0,20.73,4224000.0,0.0,1.0,20.22,20.89,20.0,20.73,4224000.0
2009-12-14,19.6,20.28,19.34,20.24,4794500.0,0.0,1.0,19.6,20.28,19.34,20.24,4794500.0
2009-12-11,18.75,19.0,18.74,18.96,2797800.0,0.0,1.0,18.75,19.0,18.74,18.96,2797800.0
2009-12-10,18.38,18.78,18.38,18.67,2984300.0,0.0,1.0,18.38,18.78,18.38,18.67,2984300.0
2009-12-09,18.04,18.36,17.72,18.29,2775700.0,0.0,1.0,18.04,18.36,17.72,18.29,2775700.0
2009-12-08,18.2,18.32,17.93,17.97,2637700.0,0.0,1.0,18.2,18.32,17.93,17.97,2637700.0
2009-12-07,18.39,18.52,18.19,18.44,2756700.0,0.0,1.0,18.39,18.52,18.19,18.44,2756700.0
2009-12-04,18.99,19.02,18.04,18.34,5332600.0,0.0,1.0,18.99,19.02,18.04,18.34,5332600.0
2009-12-03,19.23,19.27,18.66,18.69,2180300.0,0.0,1.0,19.23,19.27,18.66,18.69,2180300.0
2009-12-02,19.04,19.29,18.9,19.14,2590800.0,0.0,1.0,19.04,19.29,18.9,19.14,2590800.0
2009-12-01,18.9,19.14,18.8,19.0,2200800.0,0.0,1.0,18.9,19.14,18.8,19.0,2200800.0
2009-11-30,19.02,19.02,18.61,18.75,2223000.0,0.0,1.0,19.02,19.02,18.61,18.75,2223000.0
2009-11-27,18.85,19.25,18.58,18.96,1600500.0,0.0,1.0,18.85,19.25,18.58,18.96,1600500.0
2009-11-25,19.44,19.5,19.1,19.28,2075600.0,0.0,1.0,19.44,19.5,19.1,19.28,2075600.0
2009-11-24,19.55,19.64,19.21,19.35,2844700.0,0.0,1.0,19.55,19.64,19.21,19.35,2844700.0
2009-11-23,19.92,20.02,19.36,19.6,2983200.0,0.0,1.0,19.92,20.02,19.36,19.6,2983200.0
2009-11-20,19.65,19.85,19.47,19.61,2634000.0,0.0,1.0,19.65,19.85,19.47,19.61,2634000.0
2009-11-19,20.14,20.15,19.52,19.76,2413300.0,0.0,1.0,20.14,20.15,19.52,19.76,2413300.0
2009-11-18,20.46,20.59,20.16,20.28,1381500.0,0.0,1.0,20.46,20.59,20.16,20.28,1381500.0
2009-11-17,20.75,20.75,20.34,20.53,1773400.0,0.0,1.0,20.75,20.75,20.34,20.53,1773400.0
2009-11-16,20.64,21.0,20.62,20.77,2780300.0,0.0,1.0,20.64,21.0,20.62,20.77,2780300.0
2009-11-13,20.6,20.73,20.4,20.57,3496900.0,0.0,1.0,20.6,20.73,20.4,20.57,3496900.0
2009-11-12,21.1,21.16,20.43,20.46,3450800.0,0.0,1.0,21.1,21.16,20.43,20.46,3450800.0
2009-11-11,21.17,21.38,20.95,21.07,2942000.0,0.0,1.0,21.17,21.38,20.95,21.07,2942000.0
2009-11-10,21.4,21.64,20.94,21.0,3412100.0,0.0,1.0,21.4,21.64,20.94,21.0,3412100.0
2009-11-09,21.57,21.64,21.42,21.56,2421000.0,0.0,1.0,21.57,21.64,21.42,21.56,2421000.0
2009-11-06,21.37,21.81,21.08,21.26,1817400.0,0.0,1.0,21.37,21.81,21.08,21.26,1817400.0
2009-11-05,21.51,21.74,21.3,21.64,5069000.0,0.0,1.0,21.51,21.74,21.3,21.64,5069000.0
2009-11-04,21.76,22.29,21.33,21.4,4261200.0,0.0,1.0,21.76,22.29,21.33,21.4,4261200.0
2009-11-03,20.71,21.69,20.67,21.66,2258700.0,0.0,1.0,20.71,21.69,20.67,21.66,2258700.0
2009-11-02,21.3,21.66,20.9,21.34,1930000.0,0.0,1.0,21.3,21.66,20.9,21.34,1930000.0
2009-10-30,21.6,21.9,20.97,21.2,2328900.0,0.0,1.0,21.6,21.9,20.97,21.2,2328900.0
2009-10-29,21.16,22.07,21.16,21.84,2155500.0,0.0,1.0,21.16,22.07,21.16,21.84,2155500.0
2009-10-28,21.72,21.77,20.82,20.98,2263300.0,0.0,1.0,21.72,21.77,20.82,20.98,2263300.0
2009-10-27,22.58,22.58,21.76,21.82,2120800.0,0.0,1.0,22.58,22.58,21.76,21.82,2120800.0
2009-10-26,22.77,23.34,22.16,22.22,2996900.0,0.0,1.0,22.77,23.34,22.16,22.22,2996900.0
2009-10-23,23.01,23.17,22.63,22.82,2548200.0,0.0,1.0,23.01,23.17,22.63,22.82,2548200.0
2009-10-22,22.51,23.04,22.32,22.93,2136400.0,0.0,1.0,22.51,23.04,22.32,22.93,2136400.0
2009-10-21,22.68,23.14,22.35,22.37,2246100.0,0.0,1.0,22.68,23.14,22.35,22.37,2246100.0
2009-10-20,22.52,22.88,22.33,22.78,3045900.0,0.0,1.0,22.52,22.88,22.33,22.78,3045900.0
2009-10-19,22.51,22.68,22.37,22.59,2808600.0,0.0,1.0,22.51,22.68,22.37,22.59,2808600.0
2009-10-16,22.11,22.59,21.98,22.53,2860000.0,0.0,1.0,22.11,22.59,21.98,22.53,2860000.0
2009-10-15,21.6,22.37,21.46,22.34,3509300.0,0.0,1.0,21.6,22.37,21.46,22.34,3509300.0
2009-10-14,21.97,22.01,21.63,21.75,3179400.0,0.0,1.0,21.97,22.01,21.63,21.75,3179400.0
2009-10-13,21.6,21.71,21.33,21.66,2018400.0,0.0,1.0,21.6,21.71,21.33,21.66,2018400.0
2009-10-12,22.05,22.31,21.49,21.71,2873300.0,0.0,1.0,22.05,22.31,21.49,21.71,2873300.0
2009-10-09,22.21,22.48,21.93,21.95,2990700.0,0.0,1.0,22.21,22.48,21.93,21.95,2990700.0
2009-10-08,22.41,22.68,22.1,22.19,4253500.0,0.0,1.0,22.41,22.68,22.1,22.19,4253500.0
2009-10-07,22.06,22.28,21.87,22.08,1552000.0,0.0,1.0,22.06,22.28,21.87,22.08,1552000.0
2009-10-06,21.87,22.43,21.69,22.18,2700900.0,0.0,1.0,21.87,22.43,21.69,22.18,2700900.0
2009-10-05,21.1,21.46,20.98,21.42,2094700.0,0.0,1.0,21.1,21.46,20.98,21.42,2094700.0
2009-10-02,20.96,21.79,20.91,20.99,3073400.0,0.0,1.0,20.96,21.79,20.91,20.99,3073400.0
2009-10-01,22.15,22.15,21.15,21.19,3608700.0,0.0,1.0,22.15,22.15,21.15,21.19,3608700.0
2009-09-30,22.96,22.97,21.92,22.13,3363100.0,0.0,1.0,22.96,22.97,21.92,22.13,3363100.0
2009-09-29,22.88,23.19,22.75,22.9,2063300.0,0.0,1.0,22.88,23.19,22.75,22.9,2063300.0
2009-09-28,22.18,22.85,22.09,22.85,1904800.0,0.0,1.0,22.18,22.85,22.09,22.85,1904800.0
2009-09-25,22.48,22.48,21.84,22.09,2003800.0,0.0,1.0,22.48,22.48,21.84,22.09,2003800.0
2009-09-24,23.32,23.34,22.29,22.6,1400600.0,0.0,1.0,23.32,23.34,22.29,22.6,1400600.0
2009-09-23,23.54,23.67,23.11,23.15,1170100.0,0.0,1.0,23.54,23.67,23.11,23.15,1170100.0
2009-09-22,23.97,24.04,23.46,23.51,1126000.0,0.0,1.0,23.97,24.04,23.46,23.51,1126000.0
2009-09-21,23.83,23.99,23.41,23.68,1649500.0,0.0,1.0,23.83,23.99,23.41,23.68,1649500.0
2009-09-18,24.45,24.58,23.91,23.96,2228600.0,0.0,1.0,24.45,24.58,23.91,23.96,2228600.0
2009-09-17,24.31,24.58,23.83,24.16,1790400.0,0.0,1.0,24.31,24.58,23.83,24.16,1790400.0
2009-09-16,24.07,24.4,24.0,24.36,2666000.0,0.0,1.0,24.07,24.4,24.0,24.36,2666000.0
2009-09-15,24.86,24.92,23.66,24.02,10912400.0,0.0,1.0,24.86,24.92,23.66,24.02,10912400.0
2009-09-14,24.86,24.98,24.52,24.85,1343700.0,0.0,1.0,24.86,24.98,24.52,24.85,1343700.0
2009-09-11,24.95,25.43,24.73,25.1,1716200.0,0.0,1.0,24.95,25.43,24.73,25.1,1716200.0
2009-09-10,24.25,24.84,23.9,24.81,1955200.0,0.0,1.0,24.25,24.84,23.9,24.81,1955200.0
2009-09-09,23.96,24.32,23.77,24.16,1539800.0,0.0,1.0,23.96,24.32,23.77,24.16,1539800.0
2009-09-08,24.17,24.41,23.86,23.98,1790000.0,0.0,1.0,24.17,24.41,23.86,23.98,1790000.0
2009-09-04,23.02,23.94,22.87,23.89,2772400.0,0.0,1.0,23.02,23.94,22.87,23.89,2772400.0
2009-09-03,22.49,23.06,22.05,22.94,4946100.0,0.0,1.0,22.49,23.06,22.05,22.94,4946100.0
2009-09-02,21.38,21.73,21.38,21.62,1753800.0,0.0,1.0,21.38,21.73,21.38,21.62,1753800.0
2009-09-01,22.0,22.78,21.4,21.5,3040500.0,0.0,1.0,22.0,22.78,21.4,21.5,3040500.0
2009-08-31,22.72,22.72,22.0,22.12,1901200.0,0.0,1.0,22.72,22.72,22.0,22.12,1901200.0
2009-08-28,22.91,23.19,22.69,22.93,1384400.0,0.0,1.0,22.91,23.19,22.69,22.93,1384400.0
2009-08-27,22.97,23.12,22.04,22.65,1752600.0,0.0,1.0,22.97,23.12,22.04,22.65,1752600.0
2009-08-26,23.02,23.4,22.83,22.9,2342600.0,0.0,1.0,23.02,23.4,22.83,22.9,2342600.0
2009-08-25,23.4,23.86,23.05,23.08,2241400.0,0.0,1.0,23.4,23.86,23.05,23.08,2241400.0
2009-08-24,23.13,23.55,23.01,23.12,1801200.0,0.0,1.0,23.13,23.55,23.01,23.12,1801200.0
2009-08-21,22.51,23.14,22.43,23.04,1855700.0,0.0,1.0,22.51,23.14,22.43,23.04,1855700.0
2009-08-20,22.06,22.38,22.01,22.28,1116300.0,0.0,1.0,22.06,22.38,22.01,22.28,1116300.0
2009-08-19,21.74,22.3,21.35,22.03,1559000.0,0.0,1.0,21.74,22.3,21.35,22.03,1559000.0
2009-08-18,21.31,22.16,21.18,22.1,2367400.0,0.0,1.0,21.31,22.16,21.18,22.1,2367400.0
2009-08-17,21.86,21.87,21.12,21.23,2755000.0,0.0,1.0,21.86,21.87,21.12,21.23,2755000.0
2009-08-14,22.7,22.7,21.87,22.18,2856100.0,0.0,1.0,22.7,22.7,21.87,22.18,2856100.0
2009-08-13,23.03,23.11,22.54,22.81,2003000.0,0.0,1.0,23.03,23.11,22.54,22.81,2003000.0
2009-08-12,22.79,23.33,22.78,22.98,1952500.0,0.0,1.0,22.79,23.33,22.78,22.98,1952500.0
2009-08-11,23.21,23.21,22.45,22.73,2947500.0,0.0,1.0,23.21,23.21,22.45,22.73,2947500.0
2009-08-10,24.02,24.02,23.09,23.4,2136400.0,0.0,1.0,24.02,24.02,23.09,23.4,2136400.0
2009-08-07,23.68,24.39,23.56,24.14,2063200.0,0.0,1.0,23.68,24.39,23.56,24.14,2063200.0
2009-08-06,23.21,23.71,23.12,23.29,2531900.0,0.0,1.0,23.21,23.71,23.12,23.29,2531900.0
2009-08-05,22.46,23.68,22.0,23.17,7017000.0,0.0,1.0,22.46,23.68,22.0,23.17,7017000.0
2009-08-04,23.35,23.54,22.94,23.44,3192200.0,0.0,1.0,23.35,23.54,22.94,23.44,3192200.0
2009-08-03,23.74,23.75,23.23,23.38,2800200.0,0.0,1.0,23.74,23.75,23.23,23.38,2800200.0
2009-07-31,22.92,23.72,22.92,23.31,2318000.0,0.0,1.0,22.92,23.72,22.92,23.31,2318000.0
2009-07-30,23.56,23.59,23.14,23.25,1669900.0,0.0,1.0,23.56,23.59,23.14,23.25,1669900.0
2009-07-29,22.94,23.1,22.78,23.06,1976300.0,0.0,1.0,22.94,23.1,22.78,23.06,1976300.0
2009-07-28,22.99,23.38,22.95,23.23,1349900.0,0.0,1.0,22.99,23.38,22.95,23.23,1349900.0
2009-07-27,23.38,23.7,23.14,23.63,1157200.0,0.0,1.0,23.38,23.7,23.14,23.63,1157200.0
2009-07-24,22.8,23.58,22.64,23.46,2501100.0,0.0,1.0,22.8,23.58,22.64,23.46,2501100.0
2009-07-23,22.1,23.22,21.59,23.04,3143000.0,0.0,1.0,22.1,23.22,21.59,23.04,3143000.0
2009-07-22,21.65,22.01,21.59,21.84,1665300.0,0.0,1.0,21.65,22.01,21.59,21.84,1665300.0
2009-07-21,22.22,22.42,21.61,21.93,1332500.0,0.0,1.0,22.22,22.42,21.61,21.93,1332500.0
2009-07-20,21.54,21.95,21.4,21.86,1846100.0,0.0,1.0,21.54,21.95,21.4,21.86,1846100.0
2009-07-17,21.6,21.81,21.39,21.46,1716500.0,0.0,1.0,21.6,21.81,21.39,21.46,1716500.0
2009-07-16,21.5,21.78,21.23,21.65,2068900.0,0.0,1.0,21.5,21.78,21.23,21.65,2068900.0
2009-07-15,21.12,21.9,21.12,21.56,3230100.0,0.0,1.0,21.12,21.9,21.12,21.56,3230100.0
2009-07-14,20.37,20.58,20.18,20.49,2287200.0,0.0,1.0,20.37,20.58,20.18,20.49,2287200.0
2009-07-13,20.06,20.33,19.45,20.33,2120100.0,0.0,1.0,20.06,20.33,19.45,20.33,2120100.0
2009-07-10,20.07,20.17,19.78,20.03,2339100.0,0.0,1.0,20.07,20.17,19.78,20.03,2339100.0
2009-07-09,19.85,20.43,19.76,20.24,3367700.0,0.0,1.0,19.85,20.43,19.76,20.24,3367700.0
2009-07-08,20.55,20.55,19.34,19.73,6293000.0,0.0,1.0,20.55,20.55,19.34,19.73,6293000.0
2009-07-07,21.46,21.72,20.27,20.41,3832900.0,0.0,1.0,21.46,21.72,20.27,20.41,3832900.0
2009-07-06,21.68,21.73,21.21,21.6,2783700.0,0.0,1.0,21.68,21.73,21.21,21.6,2783700.0
2009-07-02,22.48,22.48,21.74,21.74,2455200.0,0.0,1.0,22.48,22.48,21.74,21.74,2455200.0
2009-07-01,22.87,23.56,22.8,22.86,3876500.0,0.0,1.0,22.87,23.56,22.8,22.86,3876500.0
2009-06-30,23.31,23.74,22.92,23.13,41581400.0,0.0,1.0,23.31,23.74,22.92,23.13,41581400.0
2009-06-29,22.96,23.43,22.62,23.23,2453500.0,0.0,1.0,22.96,23.43,22.62,23.23,2453500.0
2009-06-26,22.81,23.12,22.57,22.73,3895600.0,0.0,1.0,22.81,23.12,22.57,22.73,3895600.0
2009-06-25,22.04,22.99,21.92,22.94,1721100.0,0.0,1.0,22.04,22.99,21.92,22.94,1721100.0
2009-06-24,21.85,22.56,21.78,22.12,1818000.0,0.0,1.0,21.85,22.56,21.78,22.12,1818000.0
2009-06-23,21.5,21.82,21.02,21.7,2078000.0,0.0,1.0,21.5,21.82,21.02,21.7,2078000.0
2009-06-22,22.41,22.52,21.42,21.42,2199100.0,0.0,1.0,22.41,22.52,21.42,21.42,2199100.0
2009-06-19,22.93,23.11,22.63,22.83,1559300.0,0.0,1.0,22.93,23.11,22.63,22.83,1559300.0
2009-06-18,22.75,23.0,22.27,22.51,1729200.0,0.0,1.0,22.75,23.0,22.27,22.51,1729200.0
2009-06-17,22.76,23.24,22.43,22.72,2057100.0,0.0,1.0,22.76,23.24,22.43,22.72,2057100.0
2009-06-16,23.68,23.9,22.65,22.85,2481800.0,0.0,1.0,23.68,23.9,22.65,22.85,2481800.0
2009-06-15,24.44,24.6,23.11,23.39,2695500.0,0.0,1.0,24.44,24.6,23.11,23.39,2695500.0
2009-06-12,24.59,24.71,24.27,24.71,1868200.0,0.0,1.0,24.59,24.71,24.27,24.71,1868200.0
2009-06-11,25.25,25.49,24.5,24.76,1737800.0,0.0,1.0,25.25,25.49,24.5,24.76,1737800.0
2009-06-10,25.66,25.8,24.9,25.25,2753900.0,0.0,1.0,25.66,25.8,24.9,25.25,2753900.0
2009-06-09,24.38,25.66,24.35,25.41,3061200.0,0.0,1.0,24.38,25.66,24.35,25.41,3061200.0
2009-06-08,24.1,24.4,23.78,24.26,1934200.0,0.0,1.0,24.1,24.4,23.78,24.26,1934200.0
2009-06-05,24.81,24.9,24.02,24.29,3465500.0,0.0,1.0,24.81,24.9,24.02,24.29,3465500.0
2009-06-04,23.07,23.75,22.94,23.68,2150100.0,0.0,1.0,23.07,23.75,22.94,23.68,2150100.0
2009-06-03,23.31,23.36,22.6,22.91,1570200.0,0.0,1.0,23.31,23.36,22.6,22.91,1570200.0
2009-06-02,23.49,24.0,23.28,23.54,2229600.0,0.0,1.0,23.49,24.0,23.28,23.54,2229600.0
2009-06-01,23.19,24.09,23.19,23.6,3262600.0,0.0,1.0,23.19,24.09,23.19,23.6,3262600.0
2009-05-29,21.89,22.84,21.84,22.81,2735700.0,0.0,1.0,21.89,22.84,21.84,22.81,2735700.0
2009-05-28,21.64,22.04,21.1,21.6,1825000.0,0.0,1.0,21.64,22.04,21.1,21.6,1825000.0
2009-05-27,21.79,22.15,21.54,21.59,2433300.0,0.0,1.0,21.79,22.15,21.54,21.59,2433300.0
2009-05-26,20.85,22.17,20.64,21.85,1777600.0,0.0,1.0,20.85,22.17,20.64,21.85,1777600.0
2009-05-22,21.02,21.33,20.76,21.08,1294400.0,0.0,1.0,21.02,21.33,20.76,21.08,1294400.0
2009-05-21,21.2,21.28,20.46,20.92,2290500.0,0.0,1.0,21.2,21.28,20.46,20.92,2290500.0
2009-05-20,22.24,22.53,21.45,21.49,1849200.0,0.0,1.0,22.24,22.53,21.45,21.49,1849200.0
2009-05-19,22.45,22.45,21.9,22.03,1758700.0,0.0,1.0,22.45,22.45,21.9,22.03,1758700.0
2009-05-18,22.16,22.44,21.92,22.44,1761400.0,0.0,1.0,22.16,22.44,21.92,22.44,1761400.0
2009-05-15,21.74,22.29,21.6,21.87,1578900.0,0.0,1.0,21.74,22.29,21.6,21.87,1578900.0
2009-05-14,21.61,22.4,21.61,21.84,2061900.0,0.0,1.0,21.61,22.4,21.61,21.84,2061900.0
2009-05-13,22.24,22.26,21.36,21.57,2966900.0,0.0,1.0,22.24,22.26,21.36,21.57,2966900.0
2009-05-12,22.71,23.35,22.24,22.7,2304500.0,0.0,1.0,22.71,23.35,22.24,22.7,2304500.0
2009-05-11,23.05,23.35,22.32,22.61,2181200.0,0.0,1.0,23.05,23.35,22.32,22.61,2181200.0
2009-05-08,23.41,23.85,22.9,23.62,2845700.0,0.0,1.0,23.41,23.85,22.9,23.62,2845700.0
2009-05-07,23.67,24.39,22.67,23.03,3555700.0,0.0,1.0,23.67,24.39,22.67,23.03,3555700.0
2009-05-06,23.83,25.0,22.42,23.39,6737100.0,0.0,1.0,23.83,25.0,22.42,23.39,6737100.0
2009-05-05,23.62,24.2,22.55,24.06,3421600.0,0.0,1.0,23.62,24.2,22.55,24.06,3421600.0
2009-05-04,22.98,23.74,22.54,23.34,3629400.0,0.0,1.0,22.98,23.74,22.54,23.34,3629400.0
2009-05-01,22.49,23.43,22.49,23.0,3329600.0,0.0,1.0,22.49,23.43,22.49,23.0,3329600.0
2009-04-30,24.39,24.56,22.71,22.73,4659200.0,0.0,1.0,24.39,24.56,22.71,22.73,4659200.0
2009-04-29,24.38,24.85,23.88,24.11,2524600.0,0.0,1.0,24.38,24.85,23.88,24.11,2524600.0
2009-04-28,23.98,24.75,23.52,24.13,2355500.0,0.0,1.0,23.98,24.75,23.52,24.13,2355500.0
2009-04-27,23.81,24.9,23.65,24.31,1878600.0,0.0,1.0,23.81,24.9,23.65,24.31,1878600.0
2009-04-24,23.84,24.33,23.39,24.03,2415300.0,0.0,1.0,23.84,24.33,23.39,24.03,2415300.0
2009-04-23,24.0,24.0,22.5,23.5,2307200.0,0.0,1.0,24.0,24.0,22.5,23.5,2307200.0
2009-04-22,22.7,24.47,22.67,23.83,3091900.0,0.0,1.0,22.7,24.47,22.67,23.83,3091900.0
2009-04-21,22.56,23.27,22.17,23.0,2891700.0,0.0,1.0,22.56,23.27,22.17,23.0,2891700.0
2009-04-20,23.64,23.73,22.6,22.75,2612200.0,0.0,1.0,23.64,23.73,22.6,22.75,2612200.0
2009-04-17,23.65,24.48,23.63,24.33,2777900.0,0.0,1.0,23.65,24.48,23.63,24.33,2777900.0
2009-04-16,22.76,24.07,22.49,23.67,2851400.0,0.0,1.0,22.76,24.07,22.49,23.67,2851400.0
2009-04-15,21.5,22.55,21.34,22.52,2350400.0,0.0,1.0,21.5,22.55,21.34,22.52,2350400.0
2009-04-14,21.55,21.85,21.17,21.66,2721200.0,0.0,1.0,21.55,21.85,21.17,21.66,2721200.0
2009-04-13,21.59,22.01,20.99,21.87,1959800.0,0.0,1.0,21.59,22.01,20.99,21.87,1959800.0
2009-04-09,22.23,22.5,21.77,21.99,2712300.0,0.0,1.0,22.23,22.5,21.77,21.99,2712300.0
2009-04-08,21.5,21.94,21.1,21.55,1705200.0,0.0,1.0,21.5,21.94,21.1,21.55,1705200.0
2009-04-07,22.36,22.93,20.97,21.33,2691900.0,0.0,1.0,22.36,22.93,20.97,21.33,2691900.0
2009-04-06,22.92,23.08,22.23,22.81,1557000.0,0.0,1.0,22.92,23.08,22.23,22.81,1557000.0
2009-04-03,22.99,23.41,22.31,23.31,2778700.0,0.0,1.0,22.99,23.41,22.31,23.31,2778700.0
2009-04-02,22.13,23.54,21.61,23.06,2708700.0,0.0,1.0,22.13,23.54,21.61,23.06,2708700.0
2009-04-01,20.89,21.57,20.28,21.46,3372900.0,0.0,1.0,20.89,21.57,20.28,21.46,3372900.0
2009-03-31,21.79,22.09,21.07,21.45,3339700.0,0.0,1.0,21.79,22.09,21.07,21.45,3339700.0
2009-03-30,21.78,22.18,21.1,21.51,2447300.0,0.0,1.0,21.78,22.18,21.1,21.51,2447300.0
2009-03-27,23.09,23.32,22.34,22.62,2510500.0,0.0,1.0,23.09,23.32,22.34,22.62,2510500.0
2009-03-26,22.29,23.65,21.75,23.5,3508700.0,0.0,1.0,22.29,23.65,21.75,23.5,3508700.0
2009-03-25,21.53,22.64,21.1,21.98,3527000.0,0.0,1.0,21.53,22.64,21.1,21.98,3527000.0
2009-03-24,21.56,21.99,21.2,21.45,2240600.0,0.0,1.0,21.56,21.99,21.2,21.45,2240600.0
2009-03-23,20.6,22.24,20.51,22.14,3690300.0,0.0,1.0,20.6,22.24,20.51,22.14,3690300.0
2009-03-20,21.48,21.72,20.24,20.38,2364000.0,0.0,1.0,21.48,21.72,20.24,20.38,2364000.0
2009-03-19,21.68,21.99,21.0,21.33,3154500.0,0.0,1.0,21.68,21.99,21.0,21.33,3154500.0
2009-03-18,21.97,21.99,20.27,21.42,3920400.0,0.0,1.0,21.97,21.99,20.27,21.42,3920400.0
2009-03-17,21.44,21.91,21.07,21.91,2884000.0,0.0,1.0,21.44,21.91,21.07,21.91,2884000.0
2009-03-16,22.47,22.5,21.5,21.67,2734800.0,0.0,1.0,22.47,22.5,21.5,21.67,2734800.0
2009-03-13,22.15,22.95,21.44,22.18,3066100.0,0.0,1.0,22.15,22.95,21.44,22.18,3066100.0
2009-03-12,20.9,22.45,20.3,22.22,3067400.0,0.0,1.0,20.9,22.45,20.3,22.22,3067400.0
2009-03-11,20.83,21.5,20.25,20.9,2896400.0,0.0,1.0,20.83,21.5,20.25,20.9,2896400.0
2009-03-10,19.44,20.8,19.08,20.71,4281500.0,0.0,1.0,19.44,20.8,19.08,20.71,4281500.0
2009-03-09,17.87,19.54,17.67,18.79,4143400.0,0.0,1.0,17.87,19.54,17.67,18.79,4143400.0
2009-03-06,17.94,18.28,17.34,17.92,3613900.0,0.0,1.0,17.94,18.28,17.34,17.92,3613900.0
2009-03-05,17.55,18.0,17.08,17.72,3743300.0,0.0,1.0,17.55,18.0,17.08,17.72,3743300.0
2009-03-04,17.07,18.42,17.07,18.14,4813200.0,0.0,1.0,17.07,18.42,17.07,18.14,4813200.0
2009-03-03,16.78,17.13,16.03,16.73,3164200.0,0.0,1.0,16.78,17.13,16.03,16.73,3164200.0
2009-03-02,17.04,17.21,16.3,16.41,4120000.0,0.0,1.0,17.04,17.21,16.3,16.41,4120000.0
2009-02-27,16.89,18.09,16.77,17.6,4856100.0,0.0,1.0,16.89,18.09,16.77,17.6,4856100.0
2009-02-26,18.5,18.64,17.29,17.62,4396300.0,0.0,1.0,18.5,18.64,17.29,17.62,4396300.0
2009-02-25,18.87,19.05,17.51,18.14,4556700.0,0.0,1.0,18.87,19.05,17.51,18.14,4556700.0
2009-02-24,16.39,19.09,16.39,18.71,8007400.0,0.0,1.0,16.39,19.09,16.39,18.71,8007400.0
2009-02-23,17.45,17.52,15.84,15.91,4999400.0,0.0,1.0,17.45,17.52,15.84,15.91,4999400.0
2009-02-20,16.95,17.62,16.58,17.27,4437400.0,0.0,1.0,16.95,17.62,16.58,17.27,4437400.0
2009-02-19,17.68,18.07,17.11,17.2,3257500.0,0.0,1.0,17.68,18.07,17.11,17.2,3257500.0
2009-02-18,18.04,18.25,17.07,17.28,3374100.0,0.0,1.0,18.04,18.25,17.07,17.28,3374100.0
2009-02-17,18.08,18.47,17.6,17.86,3375500.0,0.0,1.0,18.08,18.47,17.6,17.86,3375500.0
2009-02-13,19.41,19.48,18.64,18.98,2350200.0,0.0,1.0,19.41,19.48,18.64,18.98,2350200.0
2009-02-12,19.65,19.7,18.54,19.44,4183600.0,0.0,1.0,19.65,19.7,18.54,19.44,4183600.0
2009-02-11,20.4,20.66,19.61,20.17,2022100.0,0.0,1.0,20.4,20.66,19.61,20.17,2022100.0
2009-02-10,20.96,21.68,20.15,20.32,2685800.0,0.0,1.0,20.96,21.68,20.15,20.32,2685800.0
2009-02-09,20.97,21.47,20.92,21.16,2696700.0,0.0,1.0,20.97,21.47,20.92,21.16,2696700.0
2009-02-06,20.89,21.36,20.57,21.07,5354200.0,0.0,1.0,20.89,21.36,20.57,21.07,5354200.0
2009-02-05,20.85,21.47,20.4,20.93,4121200.0,0.0,1.0,20.85,21.47,20.4,20.93,4121200.0
2009-02-04,21.34,21.72,20.82,21.1,3878500.0,0.0,1.0,21.34,21.72,20.82,21.1,3878500.0
2009-02-03,20.97,21.44,20.55,21.26,2426100.0,0.0,1.0,20.97,21.44,20.55,21.26,2426100.0
2009-02-02,21.06,21.33,20.27,20.84,4017600.0,0.0,1.0,21.06,21.33,20.27,20.84,4017600.0
2009-01-30,21.18,21.98,20.8,21.38,3597900.0,0.0,1.0,21.18,21.98,20.8,21.38,3597900.0
2009-01-29,22.3,22.45,21.1,21.34,3181400.0,0.0,1.0,22.3,22.45,21.1,21.34,3181400.0
2009-01-28,22.44,23.27,22.29,22.61,5211900.0,0.0,1.0,22.44,23.27,22.29,22.61,5211900.0
2009-01-27,20.54,22.24,20.24,21.84,5174600.0,0.0,1.0,20.54,22.24,20.24,21.84,5174600.0
2009-01-26,19.83,20.84,19.44,20.36,3507000.0,0.0,1.0,19.83,20.84,19.44,20.36,3507000.0
2009-01-23,19.0,20.27,18.51,19.76,3628500.0,0.0,1.0,19.0,20.27,18.51,19.76,3628500.0
2009-01-22,18.55,19.65,18.38,19.15,4188100.0,0.0,1.0,18.55,19.65,18.38,19.15,4188100.0
2009-01-21,19.06,19.32,18.11,19.01,4800900.0,0.0,1.0,19.06,19.32,18.11,19.01,4800900.0
2009-01-20,20.47,20.5,18.66,18.81,3974100.0,0.0,1.0,20.47,20.5,18.66,18.81,3974100.0
2009-01-16,20.65,21.0,19.29,20.61,4901600.0,0.0,1.0,20.65,21.0,19.29,20.61,4901600.0
2009-01-15,18.19,20.24,17.7,19.96,5719600.0,0.0,1.0,18.19,20.24,17.7,19.96,5719600.0
2009-01-14,18.41,18.86,17.68,18.27,2950500.0,0.0,1.0,18.41,18.86,17.68,18.27,2950500.0
2009-01-13,18.84,19.33,18.24,19.13,4011700.0,0.0,1.0,18.84,19.33,18.24,19.13,4011700.0
2009-01-12,19.83,19.91,18.56,18.82,2521300.0,0.0,1.0,19.83,19.91,18.56,18.82,2521300.0
2009-01-09,20.49,20.5,19.26,19.85,2775600.0,0.0,1.0,20.49,20.5,19.26,19.85,2775600.0
2009-01-08,19.82,20.56,19.07,20.45,4528600.0,0.0,1.0,19.82,20.56,19.07,20.45,4528600.0
2009-01-07,20.63,20.82,19.74,20.0,2852900.0,0.0,1.0,20.63,20.82,19.74,20.0,2852900.0
2009-01-06,21.5,21.9,20.91,21.15,3908900.0,0.0,1.0,21.5,21.9,20.91,21.15,3908900.0
2009-01-05,20.87,21.99,20.51,21.32,4428400.0,0.0,1.0,20.87,21.99,20.51,21.32,4428400.0
2009-01-02,19.91,21.21,19.27,20.92,3091000.0,0.0,1.0,19.91,21.21,19.27,20.92,3091000.0
2008-12-31,19.44,19.97,19.35,19.8,3484400.0,0.0,1.0,19.44,19.97,19.35,19.8,3484400.0
2008-12-30,18.58,19.44,18.25,19.29,4030700.0,0.0,1.0,18.58,19.44,18.25,19.29,4030700.0
2008-12-29,18.26,18.53,17.96,18.36,2209300.0,0.0,1.0,18.26,18.53,17.96,18.36,2209300.0
2008-12-26,18.02,18.25,17.79,18.2,877700.0,0.0,1.0,18.02,18.25,17.79,18.2,877700.0
2008-12-24,17.49,17.93,17.48,17.86,804500.0,0.0,1.0,17.49,17.93,17.48,17.86,804500.0
2008-12-23,18.05,18.55,17.72,17.97,2078400.0,0.0,1.0,18.05,18.55,17.72,17.97,2078400.0
2008-12-22,18.72,18.9,17.34,17.97,2869300.0,0.0,1.0,18.72,18.9,17.34,17.97,2869300.0
2008-12-19,19.29,19.59,18.27,18.97,5032900.0,0.0,1.0,19.29,19.59,18.27,18.97,5032900.0
2008-12-18,19.55,19.98,18.35,19.03,3180800.0,0.0,1.0,19.55,19.98,18.35,19.03,3180800.0
2008-12-17,18.94,19.8,18.81,19.33,3694400.0,0.0,1.0,18.94,19.8,18.81,19.33,3694400.0
2008-12-16,18.34,19.42,17.98,19.37,3301900.0,0.0,1.0,18.34,19.42,17.98,19.37,3301900.0
2008-12-15,18.33,18.48,17.43,17.96,3829100.0,0.0,1.0,18.33,18.48,17.43,17.96,3829100.0
2008-12-12,16.3,18.15,16.26,18.13,5624200.0,0.0,1.0,16.3,18.15,16.26,18.13,5624200.0
2008-12-11,18.73,19.09,16.8,16.94,4875700.0,0.0,1.0,18.73,19.09,16.8,16.94,4875700.0
2008-12-10,19.38,19.86,18.34,19.09,3971500.0,0.0,1.0,19.38,19.86,18.34,19.09,3971500.0
2008-12-09,18.64,19.7,17.86,19.22,7459900.0,0.0,1.0,18.64,19.7,17.86,19.22,7459900.0
2008-12-08,18.03,19.74,17.69,19.25,7661000.0,0.0,1.0,18.03,19.74,17.69,19.25,7661000.0
2008-12-05,16.2,17.4,15.25,17.26,6091700.0,0.0,1.0,16.2,17.4,15.25,17.26,6091700.0
2008-12-04,15.95,17.1,15.71,16.52,6466800.0,0.0,1.0,15.95,17.1,15.71,16.52,6466800.0
2008-12-03,15.11,16.7,14.84,16.29,4829900.0,0.0,1.0,15.11,16.7,14.84,16.29,4829900.0
2008-12-02,14.62,16.13,14.39,15.66,1546600.0,0.0,1.0,14.62,16.13,14.39,15.66,1546600.0
2008-12-01,15.58,15.58,14.0,14.13,4105500.0,0.0,1.0,15.58,15.58,14.0,14.13,4105500.0
2008-11-28,15.94,16.65,15.6,16.26,2055900.0,0.0,1.0,15.94,16.65,15.6,16.26,2055900.0
2008-11-26,13.83,16.26,13.75,16.15,7637800.0,0.0,1.0,13.83,16.26,13.75,16.15,7637800.0
2008-11-25,14.25,15.15,13.6,14.05,10690200.0,0.0,1.0,14.25,15.15,13.6,14.05,10690200.0
2008-11-24,12.55,13.94,11.87,13.7,8276900.0,0.0,1.0,12.55,13.94,11.87,13.7,8276900.0
2008-11-21,11.25,11.73,10.6,11.67,5264700.0,0.0,1.0,11.25,11.73,10.6,11.67,5264700.0
2008-11-20,12.43,12.76,10.56,10.72,7547800.0,0.0,1.0,12.43,12.76,10.56,10.72,7547800.0
2008-11-19,14.22,14.67,12.65,12.7,4219700.0,0.0,1.0,14.22,14.67,12.65,12.7,4219700.0
2008-11-18,14.26,14.7,13.65,14.38,3954500.0,0.0,1.0,14.26,14.7,13.65,14.38,3954500.0
2008-11-17,13.96,14.8,13.62,14.2,3591500.0,0.0,1.0,13.96,14.8,13.62,14.2,3591500.0
2008-11-14,14.3,15.25,13.75,14.12,5001000.0,0.0,1.0,14.3,15.25,13.75,14.12,5001000.0
2008-11-13,12.71,14.7,12.27,14.65,6397700.0,0.0,1.0,12.71,14.7,12.27,14.65,6397700.0
2008-11-12,13.7,13.71,12.65,12.86,6069200.0,0.0,1.0,13.7,13.71,12.65,12.86,6069200.0
2008-11-11,14.95,15.0,13.51,13.9,5612600.0,0.0,1.0,14.95,15.0,13.51,13.9,5612600.0
2008-11-10,16.23,16.4,14.93,15.08,3854500.0,0.0,1.0,16.23,16.4,14.93,15.08,3854500.0
2008-11-07,15.24,16.07,14.86,15.59,5156100.0,0.0,1.0,15.24,16.07,14.86,15.59,5156100.0
2008-11-06,16.25,17.0,14.75,14.96,6306700.0,0.0,1.0,16.25,17.0,14.75,14.96,6306700.0
2008-11-05,18.97,19.0,15.25,16.13,14663600.0,0.0,1.0,18.97,19.0,15.25,16.13,14663600.0
2008-11-04,20.97,21.19,19.96,20.3,5175900.0,0.0,1.0,20.97,21.19,19.96,20.3,5175900.0
2008-11-03,19.73,20.5,19.33,20.18,4118300.0,0.0,1.0,19.73,20.5,19.33,20.18,4118300.0
2008-10-31,18.21,20.08,18.21,19.76,3608300.0,0.0,1.0,18.21,20.08,18.21,19.76,3608300.0
2008-10-30,18.6,19.18,17.51,18.34,4279500.0,0.0,1.0,18.6,19.18,17.51,18.34,4279500.0
2008-10-29,17.69,19.06,17.21,18.11,3344500.0,0.0,1.0,17.69,19.06,17.21,18.11,3344500.0
2008-10-28,16.85,17.78,15.77,17.78,4367900.0,0.0,1.0,16.85,17.78,15.77,17.78,4367900.0
2008-10-27,17.0,17.99,16.41,16.41,2634800.0,0.0,1.0,17.0,17.99,16.41,16.41,2634800.0
2008-10-24,15.99,18.34,14.84,17.52,3239500.0,0.0,1.0,15.99,18.34,14.84,17.52,3239500.0
2008-10-23,19.76,19.76,16.6,18.07,6374000.0,0.0,1.0,19.76,19.76,16.6,18.07,6374000.0
2008-10-22,21.63,21.63,18.82,19.55,3573600.0,0.0,1.0,21.63,21.63,18.82,19.55,3573600.0
2008-10-21,22.3,23.0,21.44,21.89,2227300.0,0.0,1.0,22.3,23.0,21.44,21.89,2227300.0
2008-10-20,22.1,22.49,21.24,22.35,2657200.0,0.0,1.0,22.1,22.49,21.24,22.35,2657200.0
2008-10-17,20.27,22.75,19.43,21.12,3557400.0,0.0,1.0,20.27,22.75,19.43,21.12,3557400.0
2008-10-16,20.07,20.5,17.87,20.39,4748000.0,0.0,1.0,20.07,20.5,17.87,20.39,4748000.0
2008-10-15,22.23,22.27,19.15,19.24,3488000.0,0.0,1.0,22.23,22.27,19.15,19.24,3488000.0
2008-10-14,24.99,24.99,22.37,22.99,6267000.0,0.0,1.0,24.99,24.99,22.37,22.99,6267000.0
2008-10-13,21.24,23.13,19.71,23.13,6828500.0,0.0,1.0,21.24,23.13,19.71,23.13,6828500.0
2008-10-10,18.49,19.67,16.43,18.73,8508200.0,0.0,1.0,18.49,19.67,16.43,18.73,8508200.0
2008-10-09,20.69,20.8,18.75,19.14,8099800.0,0.0,1.0,20.69,20.8,18.75,19.14,8099800.0
2008-10-08,18.58,19.8,17.5,18.71,5681400.0,0.0,1.0,18.58,19.8,17.5,18.71,5681400.0
2008-10-07,20.37,20.62,18.25,18.9,9435100.0,0.0,1.0,20.37,20.62,18.25,18.9,9435100.0
2008-10-06,19.87,20.72,18.2,19.89,4401000.0,0.0,1.0,19.87,20.72,18.2,19.89,4401000.0
2008-10-03,22.96,24.87,20.52,20.96,4935900.0,0.0,1.0,22.96,24.87,20.52,20.96,4935900.0
2008-10-02,24.99,25.01,21.4,22.6,5929300.0,0.0,1.0,24.99,25.01,21.4,22.6,5929300.0
2008-10-01,26.72,26.86,24.6,24.82,3014000.0,0.0,1.0,26.72,26.86,24.6,24.82,3014000.0
2008-09-30,24.35,27.01,24.13,27.01,4304000.0,0.0,1.0,24.35,27.01,24.13,27.01,4304000.0
2008-09-29,27.39,27.54,22.8,23.58,5709100.0,0.0,1.0,27.39,27.54,22.8,23.58,5709100.0
2008-09-26,28.11,28.34,27.11,28.06,1850300.0,0.0,1.0,28.11,28.34,27.11,28.06,1850300.0
2008-09-25,28.98,29.51,28.26,28.7,2355900.0,0.0,1.0,28.98,29.51,28.26,28.7,2355900.0
2008-09-24,28.52,29.39,27.63,28.79,1602300.0,0.0,1.0,28.52,29.39,27.63,28.79,1602300.0
2008-09-23,29.59,29.97,27.86,28.39,2147300.0,0.0,1.0,29.59,29.97,27.86,28.39,2147300.0
2008-09-22,30.49,31.36,29.52,29.67,2084100.0,0.0,1.0,30.49,31.36,29.52,29.67,2084100.0
2008-09-19,30.4,31.49,29.41,31.1,4800400.0,0.0,1.0,30.4,31.49,29.41,31.1,4800400.0
2008-09-18,27.83,29.39,26.91,29.37,5468100.0,0.0,1.0,27.83,29.39,26.91,29.37,5468100.0
2008-09-17,28.13,29.3,26.75,27.35,3927500.0,0.0,1.0,28.13,29.3,26.75,27.35,3927500.0
2008-09-16,27.17,28.97,26.56,28.67,3694300.0,0.0,1.0,27.17,28.97,26.56,28.67,3694300.0
2008-09-15,26.6,28.7,26.59,28.0,3555500.0,0.0,1.0,26.6,28.7,26.59,28.0,3555500.0
2008-09-12,27.16,29.35,26.81,28.99,4606400.0,0.0,1.0,27.16,29.35,26.81,28.99,4606400.0
2008-09-11,26.07,27.57,24.34,27.56,5258300.0,0.0,1.0,26.07,27.57,24.34,27.56,5258300.0
2008-09-10,25.58,26.9,25.07,26.34,3989500.0,0.0,1.0,25.58,26.9,25.07,26.34,3989500.0
2008-09-09,28.37,28.37,24.85,25.48,5125600.0,0.0,1.0,28.37,28.37,24.85,25.48,5125600.0
2008-09-08,29.2,29.71,27.54,28.28,2863600.0,0.0,1.0,29.2,29.71,27.54,28.28,2863600.0
2008-09-05,27.88,28.29,26.84,28.08,3233700.0,0.0,1.0,27.88,28.29,26.84,28.08,3233700.0
2008-09-04,29.14,29.42,27.1,27.83,3465800.0,0.0,1.0,29.14,29.42,27.1,27.83,3465800.0
2008-09-03,30.69,30.69,29.07,29.46,3044200.0,0.0,1.0,30.69,30.69,29.07,29.46,3044200.0
2008-09-02,32.0,32.0,28.84,30.45,5986000.0,0.0,1.0,32.0,32.0,28.84,30.45,5986000.0
2008-08-29,32.25,32.6,31.71,31.94,836800.0,0.0,1.0,32.25,32.6,31.71,31.94,836800.0
2008-08-28,32.66,32.83,32.07,32.45,3668200.0,0.0,1.0,32.66,32.83,32.07,32.45,3668200.0
2008-08-27,32.08,32.79,32.08,32.51,1847500.0,0.0,1.0,32.08,32.79,32.08,32.51,1847500.0
2008-08-26,31.89,32.67,31.66,32.03,1586200.0,0.0,1.0,31.89,32.67,31.66,32.03,1586200.0
2008-08-25,32.96,32.96,31.3,31.78,1613200.0,0.0,1.0,32.96,32.96,31.3,31.78,1613200.0
2008-08-22,33.1,33.58,32.61,33.17,1401300.0,0.0,1.0,33.1,33.58,32.61,33.17,1401300.0
2008-08-21,32.61,33.59,32.55,33.36,1240700.0,0.0,1.0,32.61,33.59,32.55,33.36,1240700.0
2008-08-20,32.51,32.84,32.16,32.84,1012200.0,0.0,1.0,32.51,32.84,32.16,32.84,1012200.0
2008-08-19,33.2,33.37,31.89,32.39,1671400.0,0.0,1.0,33.2,33.37,31.89,32.39,1671400.0
2008-08-18,33.5,33.6,32.69,33.09,1479300.0,0.0,1.0,33.5,33.6,32.69,33.09,1479300.0
2008-08-15,34.07,34.25,33.09,33.33,1196500.0,0.0,1.0,34.07,34.25,33.09,33.33,1196500.0
2008-08-14,33.0,34.06,32.66,33.94,1901500.0,0.0,1.0,33.0,34.06,32.66,33.94,1901500.0
2008-08-13,33.07,33.33,32.21,33.2,2886900.0,0.0,1.0,33.07,33.33,32.21,33.2,2886900.0
2008-08-12,32.74,33.41,32.1,33.24,3119200.0,0.0,1.0,32.74,33.41,32.1,33.24,3119200.0
2008-08-11,35.0,35.0,32.26,32.62,4654500.0,0.0,1.0,35.0,35.0,32.26,32.62,4654500.0
2008-08-08,33.37,35.39,32.97,35.22,5375000.0,0.0,1.0,33.37,35.39,32.97,35.22,5375000.0
2008-08-07,32.23,34.44,32.1,33.5,4583400.0,0.0,1.0,32.23,34.44,32.1,33.5,4583400.0
2008-08-06,30.74,33.75,30.74,32.59,5574400.0,0.0,1.0,30.74,33.75,30.74,32.59,5574400.0
2008-08-05,29.69,31.24,29.69,30.66,3050700.0,0.0,1.0,29.69,31.24,29.69,30.66,3050700.0
2008-08-04,31.32,31.55,29.09,29.59,2873700.0,0.0,1.0,31.32,31.55,29.09,29.59,2873700.0
2008-08-01,31.5,31.68,30.35,31.25,2301000.0,0.0,1.0,31.5,31.68,30.35,31.25,2301000.0
2008-07-31,31.71,32.14,30.88,30.88,2350700.0,0.0,1.0,31.71,32.14,30.88,30.88,2350700.0
2008-07-30,32.07,32.27,30.93,32.05,2141500.0,0.0,1.0,32.07,32.27,30.93,32.05,2141500.0
2008-07-29,30.0,31.9,29.6,31.83,2792500.0,0.0,1.0,30.0,31.9,29.6,31.83,2792500.0
2008-07-28,31.3,31.3,29.67,29.79,3443700.0,0.0,1.0,31.3,31.3,29.67,29.79,3443700.0
2008-07-25,30.5,31.38,30.5,31.16,1919300.0,0.0,1.0,30.5,31.38,30.5,31.16,1919300.0
2008-07-24,32.62,32.62,30.25,30.32,2802700.0,0.0,1.0,32.62,32.62,30.25,30.32,2802700.0
2008-07-23,32.9,33.52,32.31,32.54,1953500.0,0.0,1.0,32.9,33.52,32.31,32.54,1953500.0
2008-07-22,32.0,33.4,31.6,33.35,2878800.0,0.0,1.0,32.0,33.4,31.6,33.35,2878800.0
2008-07-21,33.5,33.54,32.05,32.25,2940000.0,0.0,1.0,33.5,33.54,32.05,32.25,2940000.0
2008-07-18,34.01,34.07,32.43,32.99,3866200.0,0.0,1.0,34.01,34.07,32.43,32.99,3866200.0
2008-07-17,31.74,34.22,31.34,33.42,7231900.0,0.0,1.0,31.74,34.22,31.34,33.42,7231900.0
2008-07-16,31.0,32.35,30.66,31.21,6425900.0,0.0,1.0,31.0,32.35,30.66,31.21,6425900.0
2008-07-15,29.16,29.62,28.14,29.01,1861400.0,0.0,1.0,29.16,29.62,28.14,29.01,1861400.0
2008-07-14,30.18,30.68,29.14,29.38,3205300.0,0.0,1.0,30.18,30.68,29.14,29.38,3205300.0
2008-07-11,30.47,30.65,29.23,29.89,1620800.0,0.0,1.0,30.47,30.65,29.23,29.89,1620800.0
2008-07-10,29.39,31.15,29.25,30.66,3283200.0,0.0,1.0,29.39,31.15,29.25,30.66,3283200.0
2008-07-09,29.42,30.44,29.16,29.4,2244700.0,0.0,1.0,29.42,30.44,29.16,29.4,2244700.0
2008-07-08,29.9,29.9,27.66,29.3,4496800.0,0.0,1.0,29.9,29.9,27.66,29.3,4496800.0
2008-07-07,30.85,31.0,29.41,29.96,2086800.0,0.0,1.0,30.85,31.0,29.41,29.96,2086800.0
2008-07-03,31.41,31.5,28.43,30.52,3567500.0,0.0,1.0,31.41,31.5,28.43,30.52,3567500.0
2008-07-02,33.05,33.19,31.22,31.34,2282300.0,0.0,1.0,33.05,33.19,31.22,31.34,2282300.0
2008-07-01,32.41,33.24,32.16,33.1,2390900.0,0.0,1.0,32.41,33.24,32.16,33.1,2390900.0
2008-06-30,32.87,33.35,32.19,33.27,1405400.0,0.0,1.0,32.87,33.35,32.19,33.27,1405400.0
2008-06-27,32.46,33.42,31.7,32.83,2918600.0,0.0,1.0,32.46,33.42,31.7,32.83,2918600.0
2008-06-26,33.31,33.31,31.75,32.46,2341800.0,0.0,1.0,33.31,33.31,31.75,32.46,2341800.0
2008-06-25,33.8,34.03,32.99,33.58,1337600.0,0.0,1.0,33.8,34.03,32.99,33.58,1337600.0
2008-06-24,34.0,34.53,33.5,33.61,1947200.0,0.0,1.0,34.0,34.53,33.5,33.61,1947200.0
2008-06-23,34.0,34.18,33.32,33.89,1893900.0,0.0,1.0,34.0,34.18,33.32,33.89,1893900.0
2008-06-20,33.2,34.0,32.75,33.86,2531600.0,0.0,1.0,33.2,34.0,32.75,33.86,2531600.0
2008-06-19,33.7,33.96,33.2,33.38,2347800.0,0.0,1.0,33.7,33.96,33.2,33.38,2347800.0
2008-06-18,33.6,33.88,32.77,33.47,1851300.0,0.0,1.0,33.6,33.88,32.77,33.47,1851300.0
2008-06-17,34.13,34.23,33.28,33.71,1837900.0,0.0,1.0,34.13,34.23,33.28,33.71,1837900.0
2008-06-16,33.28,34.25,32.61,33.73,2291100.0,0.0,1.0,33.28,34.25,32.61,33.73,2291100.0
2008-06-13,32.71,33.39,32.61,33.34,1853400.0,0.0,1.0,32.71,33.39,32.61,33.34,1853400.0
2008-06-12,32.23,33.08,32.23,32.53,2347700.0,0.0,1.0,32.23,33.08,32.23,32.53,2347700.0
2008-06-11,31.79,32.5,31.56,32.0,2734000.0,0.0,1.0,31.79,32.5,31.56,32.0,2734000.0
2008-06-10,31.35,32.43,31.04,31.87,3283900.0,0.0,1.0,31.35,32.43,31.04,31.87,3283900.0
2008-06-09,31.31,31.96,30.7,31.4,2881800.0,0.0,1.0,31.31,31.96,30.7,31.4,2881800.0
2008-06-06,31.47,31.91,30.8,31.27,2531500.0,0.0,1.0,31.47,31.91,30.8,31.27,2531500.0
2008-06-05,30.66,31.7,30.65,31.66,1746300.0,0.0,1.0,30.66,31.7,30.65,31.66,1746300.0
2008-06-04,31.28,31.28,30.2,30.58,1950400.0,0.0,1.0,31.28,31.28,30.2,30.58,1950400.0
2008-06-03,31.24,31.92,30.65,31.33,1851500.0,0.0,1.0,31.24,31.92,30.65,31.33,1851500.0
2008-06-02,32.01,32.08,30.36,30.81,2660400.0,0.0,1.0,32.01,32.08,30.36,30.81,2660400.0
2008-05-30,31.25,32.07,31.25,32.04,2301400.0,0.0,1.0,31.25,32.07,31.25,32.04,2301400.0
2008-05-29,30.33,31.62,30.25,31.23,3202900.0,0.0,1.0,30.33,31.62,30.25,31.23,3202900.0
2008-05-28,29.62,30.44,29.33,30.37,1598000.0,0.0,1.0,29.62,30.44,29.33,30.37,1598000.0
2008-05-27,29.31,29.84,29.0,29.48,1854300.0,0.0,1.0,29.31,29.84,29.0,29.48,1854300.0
2008-05-23,29.84,29.84,28.66,29.19,1388600.0,0.0,1.0,29.84,29.84,28.66,29.19,1388600.0
2008-05-22,29.81,30.41,29.5,29.71,1101000.0,0.0,1.0,29.81,30.41,29.5,29.71,1101000.0
2008-05-21,30.89,31.0,29.52,29.7,2196300.0,0.0,1.0,30.89,31.0,29.52,29.7,2196300.0
2008-05-20,30.42,30.91,30.23,30.78,1705700.0,0.0,1.0,30.42,30.91,30.23,30.78,1705700.0
2008-05-19,30.61,31.35,30.36,30.47,1825700.0,0.0,1.0,30.61,31.35,30.36,30.47,1825700.0
2008-05-16,30.59,30.82,30.2,30.39,2776900.0,0.0,1.0,30.59,30.82,30.2,30.39,2776900.0
2008-05-15,28.74,30.08,28.55,29.96,2196500.0,0.0,1.0,28.74,30.08,28.55,29.96,2196500.0
2008-05-14,29.68,29.68,28.54,28.66,1557000.0,0.0,1.0,29.68,29.68,28.54,28.66,1557000.0
2008-05-13,28.67,29.72,28.58,29.66,1864500.0,0.0,1.0,28.67,29.72,28.58,29.66,1864500.0
2008-05-12,27.99,28.95,27.91,28.69,1955100.0,0.0,1.0,27.99,28.95,27.91,28.69,1955100.0
2008-05-09,28.4,28.57,27.46,27.86,2527200.0,0.0,1.0,28.4,28.57,27.46,27.86,2527200.0
2008-05-08,28.47,29.42,28.05,28.65,2674200.0,0.0,1.0,28.47,29.42,28.05,28.65,2674200.0
2008-05-07,26.9,30.0,26.9,28.3,7860800.0,0.0,1.0,26.9,30.0,26.9,28.3,7860800.0
2008-05-06,26.39,26.53,25.82,26.34,2059300.0,0.0,1.0,26.39,26.53,25.82,26.34,2059300.0
2008-05-05,26.46,27.55,26.44,26.52,2018300.0,0.0,1.0,26.46,27.55,26.44,26.52,2018300.0
2008-05-02,26.94,27.33,26.13,26.69,1424800.0,0.0,1.0,26.94,27.33,26.13,26.69,1424800.0
2008-05-01,26.55,26.77,26.15,26.68,2068700.0,0.0,1.0,26.55,26.77,26.15,26.68,2068700.0
2008-04-30,27.11,27.3,26.44,26.54,1925100.0,0.0,1.0,27.11,27.3,26.44,26.54,1925100.0
2008-04-29,27.46,27.46,26.84,27.0,986800.0,0.0,1.0,27.46,27.46,26.84,27.0,986800.0
2008-04-28,27.48,27.92,26.99,27.5,2322200.0,0.0,1.0,27.48,27.92,26.99,27.5,2322200.0
2008-04-25,25.98,27.33,25.94,27.13,2499100.0,0.0,1.0,25.98,27.33,25.94,27.13,2499100.0
2008-04-24,25.59,26.35,24.97,25.85,1627300.0,0.0,1.0,25.59,26.35,24.97,25.85,1627300.0
2008-04-23,26.0,26.25,25.44,25.61,943500.0,0.0,1.0,26.0,26.25,25.44,25.61,943500.0
2008-04-22,26.24,26.45,25.42,25.94,1272200.0,0.0,1.0,26.24,26.45,25.42,25.94,1272200.0
2008-04-21,25.48,26.45,25.23,26.27,1067300.0,0.0,1.0,25.48,26.45,25.23,26.27,1067300.0
2008-04-18,25.75,26.45,25.64,25.73,1680000.0,0.0,1.0,25.75,26.45,25.64,25.73,1680000.0
2008-04-17,26.04,26.23,24.92,25.51,1744700.0,0.0,1.0,26.04,26.23,24.92,25.51,1744700.0
2008-04-16,24.21,26.25,24.21,26.2,2869800.0,0.0,1.0,24.21,26.25,24.21,26.2,2869800.0
2008-04-15,24.12,24.16,23.51,24.07,1075600.0,0.0,1.0,24.12,24.16,23.51,24.07,1075600.0
2008-04-14,24.34,24.5,23.88,23.93,1129700.0,0.0,1.0,24.34,24.5,23.88,23.93,1129700.0
2008-04-11,24.84,25.23,24.24,24.34,955000.0,0.0,1.0,24.84,25.23,24.24,24.34,955000.0
2008-04-10,24.62,25.22,24.35,25.12,696700.0,0.0,1.0,24.62,25.22,24.35,25.12,696700.0
2008-04-09,24.99,25.49,24.45,24.63,1140300.0,0.0,1.0,24.99,25.49,24.45,24.63,1140300.0
2008-04-08,25.16,25.27,24.53,25.15,1017700.0,0.0,1.0,25.16,25.27,24.53,25.15,1017700.0
2008-04-07,25.68,25.78,25.14,25.25,1519600.0,0.0,1.0,25.68,25.78,25.14,25.25,1519600.0
2008-04-04,25.4,26.07,25.24,25.58,2222400.0,0.0,1.0,25.4,26.07,25.24,25.58,2222400.0
2008-04-03,24.63,25.3,24.36,25.2,1414100.0,0.0,1.0,24.63,25.3,24.36,25.2,1414100.0
2008-04-02,24.37,25.2,24.16,24.75,1520800.0,0.0,1.0,24.37,25.2,24.16,24.75,1520800.0
2008-04-01,23.49,24.75,23.4,24.48,1829400.0,0.0,1.0,23.49,24.75,23.4,24.48,1829400.0
2008-03-31,22.75,23.25,22.56,23.17,1433400.0,0.0,1.0,22.75,23.25,22.56,23.17,1433400.0
2008-03-28,23.16,23.5,22.59,22.7,866600.0,0.0,1.0,23.16,23.5,22.59,22.7,866600.0
2008-03-27,23.15,23.89,22.92,23.08,1198100.0,0.0,1.0,23.15,23.89,22.92,23.08,1198100.0
2008-03-26,23.79,23.89,22.97,23.06,1462500.0,0.0,1.0,23.79,23.89,22.97,23.06,1462500.0
2008-03-25,23.72,24.11,23.15,23.84,1796300.0,0.0,1.0,23.72,24.11,23.15,23.84,1796300.0
2008-03-24,22.82,24.0,22.59,23.5,1368000.0,0.0,1.0,22.82,24.0,22.59,23.5,1368000.0
2008-03-20,21.66,22.72,21.44,22.72,1901300.0,0.0,1.0,21.66,22.72,21.44,22.72,1901300.0
2008-03-19,22.74,23.35,21.72,21.74,2591900.0,0.0,1.0,22.74,23.35,21.72,21.74,2591900.0
2008-03-18,21.39,22.71,21.39,22.67,1828200.0,0.0,1.0,21.39,22.71,21.39,22.67,1828200.0
2008-03-17,21.27,21.7,20.3,20.79,2519100.0,0.0,1.0,21.27,21.7,20.3,20.79,2519100.0
2008-03-14,22.96,23.12,21.69,21.79,2618800.0,0.0,1.0,22.96,23.12,21.69,21.79,2618800.0
2008-03-13,21.93,23.04,21.46,23.02,1840600.0,0.0,1.0,21.93,23.04,21.46,23.02,1840600.0
2008-03-12,23.03,23.27,21.99,22.12,2398400.0,0.0,1.0,23.03,23.27,21.99,22.12,2398400.0
2008-03-11,21.66,23.0,21.66,22.95,2538300.0,0.0,1.0,21.66,23.0,21.66,22.95,2538300.0
2008-03-10,21.91,22.1,21.0,21.12,3534000.0,0.0,1.0,21.91,22.1,21.0,21.12,3534000.0
2008-03-07,22.84,23.29,21.59,21.92,3169900.0,0.0,1.0,22.84,23.29,21.59,21.92,3169900.0
2008-03-06,23.53,23.76,23.03,23.09,1869000.0,0.0,1.0,23.53,23.76,23.03,23.09,1869000.0
2008-03-05,23.42,24.15,22.86,23.61,2730400.0,0.0,1.0,23.42,24.15,22.86,23.61,2730400.0
2008-03-04,23.94,24.4,22.88,23.28,3650200.0,0.0,1.0,23.94,24.4,22.88,23.28,3650200.0
2008-03-03,23.83,24.47,23.69,24.14,1647100.0,0.0,1.0,23.83,24.47,23.69,24.14,1647100.0
2008-02-29,24.82,24.96,23.67,23.88,2350700.0,0.0,1.0,24.82,24.96,23.67,23.88,2350700.0
2008-02-28,25.05,25.43,24.64,25.05,1851900.0,0.0,1.0,25.05,25.43,24.64,25.05,1851900.0
2008-02-27,25.51,25.61,24.87,25.23,2433400.0,0.0,1.0,25.51,25.61,24.87,25.23,2433400.0
2008-02-26,25.09,26.3,24.88,25.82,3520700.0,0.0,1.0,25.09,26.3,24.88,25.82,3520700.0
2008-02-25,24.76,25.73,24.6,25.23,2619800.0,0.0,1.0,24.76,25.73,24.6,25.23,2619800.0
2008-02-22,24.46,24.74,23.85,24.74,3150800.0,0.0,1.0,24.46,24.74,23.85,24.74,3150800.0
2008-02-21,25.92,25.92,23.46,24.44,5111300.0,0.0,1.0,25.92,25.92,23.46,24.44,5111300.0
2008-02-20,23.49,23.92,22.91,23.22,3050500.0,0.0,1.0,23.49,23.92,22.91,23.22,3050500.0
2008-02-19,22.71,24.11,22.55,23.6,3463300.0,0.0,1.0,22.71,24.11,22.55,23.6,3463300.0
2008-02-15,21.21,22.73,21.17,22.43,4020400.0,0.0,1.0,21.21,22.73,21.17,22.43,4020400.0
2008-02-14,20.91,21.57,20.87,21.25,1954100.0,0.0,1.0,20.91,21.57,20.87,21.25,1954100.0
2008-02-13,20.88,21.09,20.52,20.84,3009200.0,0.0,1.0,20.88,21.09,20.52,20.84,3009200.0
2008-02-12,21.21,21.67,20.51,20.79,4090200.0,0.0,1.0,21.21,21.67,20.51,20.79,4090200.0
2008-02-11,20.67,21.66,20.59,21.57,1454300.0,0.0,1.0,20.67,21.66,20.59,21.57,1454300.0
2008-02-08,19.97,20.85,19.61,20.69,1514300.0,0.0,1.0,19.97,20.85,19.61,20.69,1514300.0
2008-02-07,20.32,20.61,19.85,20.24,2554900.0,0.0,1.0,20.32,20.61,19.85,20.24,2554900.0
2008-02-06,20.69,21.18,20.35,20.48,1752900.0,0.0,1.0,20.69,21.18,20.35,20.48,1752900.0
2008-02-05,21.77,21.96,20.69,20.75,1905200.0,0.0,1.0,21.77,21.96,20.69,20.75,1905200.0
2008-02-04,22.65,22.86,21.91,22.12,1511500.0,0.0,1.0,22.65,22.86,21.91,22.12,1511500.0
2008-02-01,22.07,23.03,21.7,22.74,2696700.0,0.0,1.0,22.07,23.03,21.7,22.74,2696700.0
2008-01-31,21.34,22.19,20.95,21.92,3444800.0,0.0,1.0,21.34,22.19,20.95,21.92,3444800.0
2008-01-30,21.6,22.43,21.01,21.63,4597800.0,0.0,1.0,21.6,22.43,21.01,21.63,4597800.0
2008-01-29,21.06,21.16,20.21,20.95,2410700.0,0.0,1.0,21.06,21.16,20.21,20.95,2410700.0
2008-01-28,20.09,20.89,19.99,20.86,2457400.0,0.0,1.0,20.09,20.89,19.99,20.86,2457400.0
2008-01-25,20.96,21.3,20.05,20.25,2142600.0,0.0,1.0,20.96,21.3,20.05,20.25,2142600.0
2008-01-24,20.72,20.94,20.28,20.67,2608400.0,0.0,1.0,20.72,20.94,20.28,20.67,2608400.0
2008-01-23,19.58,20.71,18.7,20.5,4349400.0,0.0,1.0,19.58,20.71,18.7,20.5,4349400.0
2008-01-22,19.15,20.34,18.38,20.03,4116100.0,0.0,1.0,19.15,20.34,18.38,20.03,4116100.0
2008-01-18,19.59,20.03,19.01,19.47,3495900.0,0.0,1.0,19.59,20.03,19.01,19.47,3495900.0
2008-01-17,20.9,21.01,19.41,19.55,4799400.0,0.0,1.0,20.9,21.01,19.41,19.55,4799400.0
2008-01-16,22.45,23.11,20.75,20.8,4946700.0,0.0,1.0,22.45,23.11,20.75,20.8,4946700.0
2008-01-15,22.96,23.08,22.28,22.59,2266400.0,0.0,1.0,22.96,23.08,22.28,22.59,2266400.0
2008-01-14,23.5,23.62,22.74,23.27,2224000.0,0.0,1.0,23.5,23.62,22.74,23.27,2224000.0
2008-01-11,23.03,23.79,22.96,23.4,2671800.0,0.0,1.0,23.03,23.79,22.96,23.4,2671800.0
2008-01-10,23.0,23.72,22.74,23.48,4219700.0,0.0,1.0,23.0,23.72,22.74,23.48,4219700.0
2008-01-09,22.61,23.22,22.32,23.07,4588300.0,0.0,1.0,22.61,23.22,22.32,23.07,4588300.0
2008-01-08,22.02,23.38,21.84,22.73,7408800.0,0.0,1.0,22.02,23.38,21.84,22.73,7408800.0
2008-01-07,23.92,23.92,21.75,21.96,9260200.0,0.0,1.0,23.92,23.92,21.75,21.96,9260200.0
2008-01-04,25.18,25.18,23.78,23.86,3255200.0,0.0,1.0,25.18,25.18,23.78,23.86,3255200.0
2008-01-03,25.89,25.99,25.33,25.47,2534700.0,0.0,1.0,25.89,25.99,25.33,25.47,2534700.0
2008-01-02,26.09,26.77,25.74,25.98,1780600.0,0.0,1.0,26.09,26.77,25.74,25.98,1780600.0
2007-12-31,26.46,26.73,26.08,26.24,910600.0,0.0,1.0,26.46,26.73,26.08,26.24,910600.0
2007-12-28,26.25,26.62,25.98,26.39,990500.0,0.0,1.0,26.25,26.62,25.98,26.39,990500.0
2007-12-27,26.58,26.82,26.08,26.19,1600600.0,0.0,1.0,26.58,26.82,26.08,26.19,1600600.0
2007-12-26,26.85,27.15,26.83,27.02,1334700.0,0.0,1.0,26.85,27.15,26.83,27.02,1334700.0
2007-12-24,26.34,27.2,26.34,27.05,528900.0,0.0,1.0,26.34,27.2,26.34,27.05,528900.0
2007-12-21,25.74,26.85,25.7,26.65,2495900.0,0.0,1.0,25.74,26.85,25.7,26.65,2495900.0
2007-12-20,25.63,25.7,25.05,25.67,1590500.0,0.0,1.0,25.63,25.7,25.05,25.67,1590500.0
2007-12-19,25.22,25.5,24.98,25.4,2961300.0,0.0,1.0,25.22,25.5,24.98,25.4,2961300.0
2007-12-18,24.38,25.3,23.58,25.27,6673400.0,0.0,1.0,24.38,25.3,23.58,25.27,6673400.0
2007-12-17,24.79,24.94,24.11,24.2,2456100.0,0.0,1.0,24.79,24.94,24.11,24.2,2456100.0
2007-12-14,25.81,25.81,24.91,24.96,3534800.0,0.0,1.0,25.81,25.81,24.91,24.96,3534800.0
2007-12-13,26.31,26.31,25.5,25.63,2019600.0,0.0,1.0,26.31,26.31,25.5,25.63,2019600.0
2007-12-12,26.75,26.96,26.13,26.46,4804700.0,0.0,1.0,26.75,26.96,26.13,26.46,4804700.0
2007-12-11,26.85,26.97,25.9,26.0,4800200.0,0.0,1.0,26.85,26.97,25.9,26.0,4800200.0
2007-12-10,26.52,27.1,26.38,26.57,2456000.0,0.0,1.0,26.52,27.1,26.38,26.57,2456000.0
2007-12-07,26.32,26.75,26.01,26.5,3757600.0,0.0,1.0,26.32,26.75,26.01,26.5,3757600.0
2007-12-06,26.48,26.73,26.17,26.21,3090500.0,0.0,1.0,26.48,26.73,26.17,26.21,3090500.0
2007-12-05,26.68,27.09,26.24,26.57,2131400.0,0.0,1.0,26.68,27.09,26.24,26.57,2131400.0
2007-12-04,27.2,27.2,26.29,26.4,1557900.0,0.0,1.0,27.2,27.2,26.29,26.4,1557900.0
2007-12-03,27.64,27.99,27.0,27.38,1238500.0,0.0,1.0,27.64,27.99,27.0,27.38,1238500.0
2007-11-30,27.61,27.98,27.15,27.38,3872300.0,0.0,1.0,27.61,27.98,27.15,27.38,3872300.0
2007-11-29,27.51,27.55,26.98,27.39,1176400.0,0.0,1.0,27.51,27.55,26.98,27.39,1176400.0
2007-11-28,26.45,27.55,26.45,27.36,1706900.0,0.0,1.0,26.45,27.55,26.45,27.36,1706900.0
2007-11-27,25.77,26.96,25.65,26.45,2411400.0,0.0,1.0,25.77,26.96,25.65,26.45,2411400.0
2007-11-26,25.74,26.6,25.51,25.6,1334600.0,0.0,1.0,25.74,26.6,25.51,25.6,1334600.0
2007-11-23,25.35,25.95,25.23,25.8,604400.0,0.0,1.0,25.35,25.95,25.23,25.8,604400.0
2007-11-21,26.29,26.29,24.99,25.25,2186200.0,0.0,1.0,26.29,26.29,24.99,25.25,2186200.0
2007-11-20,26.37,26.94,25.83,26.47,2069100.0,0.0,1.0,26.37,26.94,25.83,26.47,2069100.0
2007-11-19,27.2,27.2,25.53,26.32,3239300.0,0.0,1.0,27.2,27.2,25.53,26.32,3239300.0
2007-11-16,27.9,27.94,26.53,27.29,3009300.0,0.0,1.0,27.9,27.94,26.53,27.29,3009300.0
2007-11-15,28.09,28.73,26.93,27.28,2240700.0,0.0,1.0,28.09,28.73,26.93,27.28,2240700.0
2007-11-14,27.99,29.27,27.41,28.18,2856200.0,0.0,1.0,27.99,29.27,27.41,28.18,2856200.0
2007-11-13,27.87,28.02,26.49,27.71,3729700.0,0.0,1.0,27.87,28.02,26.49,27.71,3729700.0
2007-11-12,29.31,29.46,27.59,27.74,2266200.0,0.0,1.0,29.31,29.46,27.59,27.74,2266200.0
2007-11-09,30.05,31.1,29.12,29.27,2406000.0,0.0,1.0,30.05,31.1,29.12,29.27,2406000.0
2007-11-08,30.06,31.19,28.25,30.46,5233900.0,0.0,1.0,30.06,31.19,28.25,30.46,5233900.0
2007-11-07,30.44,30.63,29.0,29.3,2737300.0,0.0,1.0,30.44,30.63,29.0,29.3,2737300.0
2007-11-06,31.48,31.48,29.97,30.59,2216500.0,0.0,1.0,31.48,31.48,29.97,30.59,2216500.0
2007-11-05,30.75,31.92,29.93,31.47,2336100.0,0.0,1.0,30.75,31.92,29.93,31.47,2336100.0
2007-11-02,32.56,32.63,29.96,30.71,2490400.0,0.0,1.0,32.56,32.63,29.96,30.71,2490400.0
2007-11-01,32.7,32.97,31.31,32.19,2905900.0,0.0,1.0,32.7,32.97,31.31,32.19,2905900.0
2007-10-31,31.76,33.42,31.54,33.0,2244900.0,0.0,1.0,31.76,33.42,31.54,33.0,2244900.0
2007-10-30,32.65,32.66,31.57,31.65,1007700.0,0.0,1.0,32.65,32.66,31.57,31.65,1007700.0
2007-10-29,32.51,32.81,32.01,32.61,1172600.0,0.0,1.0,32.51,32.81,32.01,32.61,1172600.0
2007-10-26,31.79,32.61,31.59,32.31,1469000.0,0.0,1.0,31.79,32.61,31.59,32.31,1469000.0
2007-10-25,31.21,31.35,30.4,31.21,1213800.0,0.0,1.0,31.21,31.35,30.4,31.21,1213800.0
2007-10-24,30.49,30.95,29.69,30.91,1400800.0,0.0,1.0,30.49,30.95,29.69,30.91,1400800.0
2007-10-23,30.36,30.9,30.09,30.5,1222700.0,0.0,1.0,30.36,30.9,30.09,30.5,1222700.0
2007-10-22,30.44,30.96,29.9,30.3,1686500.0,0.0,1.0,30.44,30.96,29.9,30.3,1686500.0
2007-10-19,32.0,32.1,30.46,30.56,2027000.0,0.0,1.0,32.0,32.1,30.46,30.56,2027000.0
2007-10-18,31.39,32.07,30.74,32.0,1457200.0,0.0,1.0,31.39,32.07,30.74,32.0,1457200.0
2007-10-17,30.82,31.65,30.75,31.36,2010800.0,0.0,1.0,30.82,31.65,30.75,31.36,2010800.0
2007-10-16,30.8,31.16,30.2,30.5,1785400.0,0.0,1.0,30.8,31.16,30.2,30.5,1785400.0
2007-10-15,31.48,31.63,30.45,30.9,1192200.0,0.0,1.0,31.48,31.63,30.45,30.9,1192200.0
2007-10-12,31.73,31.77,30.91,31.37,1559100.0,0.0,1.0,31.73,31.77,30.91,31.37,1559100.0
2007-10-11,31.52,31.99,31.17,31.57,3713700.0,0.0,1.0,31.52,31.99,31.17,31.57,3713700.0
2007-10-10,30.2,31.42,30.0,31.31,2831600.0,0.0,1.0,30.2,31.42,30.0,31.31,2831600.0
2007-10-09,29.53,30.55,29.41,30.23,1794300.0,0.0,1.0,29.53,30.55,29.41,30.23,1794300.0
2007-10-08,29.18,29.93,29.12,29.55,1508700.0,0.0,1.0,29.18,29.93,29.12,29.55,1508700.0
2007-10-05,29.2,29.5,28.38,29.33,1824600.0,0.0,1.0,29.2,29.5,28.38,29.33,1824600.0
2007-10-04,28.34,29.1,28.15,28.94,2507800.0,0.0,1.0,28.34,29.1,28.15,28.94,2507800.0
2007-10-03,26.53,28.43,26.4,28.12,3422000.0,0.0,1.0,26.53,28.43,26.4,28.12,3422000.0
2007-10-02,27.14,27.18,26.29,26.5,2383000.0,0.0,1.0,27.14,27.18,26.29,26.5,2383000.0
2007-10-01,26.42,27.29,26.15,26.87,1852200.0,0.0,1.0,26.42,27.29,26.15,26.87,1852200.0
2007-09-28,26.96,26.96,26.3,26.45,1475000.0,0.0,1.0,26.96,26.96,26.3,26.45,1475000.0
2007-09-27,27.12,27.19,26.61,26.83,1604400.0,0.0,1.0,27.12,27.19,26.61,26.83,1604400.0
2007-09-26,26.76,27.45,26.49,26.87,1547700.0,0.0,1.0,26.76,27.45,26.49,26.87,1547700.0
2007-09-25,26.48,26.63,26.05,26.35,1463700.0,0.0,1.0,26.48,26.63,26.05,26.35,1463700.0
2007-09-24,27.5,27.5,26.44,26.65,2028000.0,0.0,1.0,27.5,27.5,26.44,26.65,2028000.0
2007-09-21,27.3,28.03,27.16,27.55,1336000.0,0.0,1.0,27.3,28.03,27.16,27.55,1336000.0
2007-09-20,27.7,28.13,26.95,27.12,1086100.0,0.0,1.0,27.7,28.13,26.95,27.12,1086100.0
2007-09-19,27.45,28.32,27.35,27.81,1677300.0,0.0,1.0,27.45,28.32,27.35,27.81,1677300.0
2007-09-18,25.99,27.42,25.71,27.39,1959100.0,0.0,1.0,25.99,27.42,25.71,27.39,1959100.0
2007-09-17,25.91,26.2,25.63,25.76,1180200.0,0.0,1.0,25.91,26.2,25.63,25.76,1180200.0
2007-09-14,26.22,26.35,25.75,25.98,1273400.0,0.0,1.0,26.22,26.35,25.75,25.98,1273400.0
2007-09-13,26.25,27.75,25.85,26.35,1904600.0,0.0,1.0,26.25,27.75,25.85,26.35,1904600.0
2007-09-12,26.27,26.65,26.0,26.06,1663400.0,0.0,1.0,26.27,26.65,26.0,26.06,1663400.0
2007-09-11,26.21,26.55,26.0,26.29,1754600.0,0.0,1.0,26.21,26.55,26.0,26.29,1754600.0
2007-09-10,26.84,26.84,25.67,26.04,1467600.0,0.0,1.0,26.84,26.84,25.67,26.04,1467600.0
2007-09-07,27.04,27.08,25.57,26.21,2100100.0,0.0,1.0,27.04,27.08,25.57,26.21,2100100.0
2007-09-06,27.44,27.66,26.69,27.32,2006000.0,0.0,1.0,27.44,27.66,26.69,27.32,2006000.0
2007-09-05,27.85,28.08,27.06,27.48,2732100.0,0.0,1.0,27.85,28.08,27.06,27.48,2732100.0
2007-09-04,28.22,28.39,27.56,27.87,2069600.0,0.0,1.0,28.22,28.39,27.56,27.87,2069600.0
2007-08-31,27.39,28.46,27.3,28.27,1997500.0,0.0,1.0,27.39,28.46,27.3,28.27,1997500.0
2007-08-30,26.43,27.54,26.3,27.39,7808100.0,0.0,1.0,26.43,27.54,26.3,27.39,7808100.0
2007-08-29,25.65,26.83,25.26,26.67,1721900.0,0.0,1.0,25.65,26.83,25.26,26.67,1721900.0
2007-08-28,26.31,26.44,25.21,25.25,978400.0,0.0,1.0,26.31,26.44,25.21,25.25,978400.0
2007-08-27,26.59,26.92,26.22,26.3,1103700.0,0.0,1.0,26.59,26.92,26.22,26.3,1103700.0
2007-08-24,26.02,27.07,25.95,27.03,1152300.0,0.0,1.0,26.02,27.07,25.95,27.03,1152300.0
2007-08-23,26.6,26.71,25.84,25.9,1089600.0,0.0,1.0,26.6,26.71,25.84,25.9,1089600.0
2007-08-22,25.25,26.67,25.25,26.44,1809300.0,0.0,1.0,25.25,26.67,25.25,26.44,1809300.0
2007-08-21,24.83,25.66,24.71,25.04,1456600.0,0.0,1.0,24.83,25.66,24.71,25.04,1456600.0
2007-08-20,25.09,25.55,24.75,25.08,1569200.0,0.0,1.0,25.09,25.55,24.75,25.08,1569200.0
2007-08-17,25.0,25.61,23.79,24.98,3024900.0,0.0,1.0,25.0,25.61,23.79,24.98,3024900.0
2007-08-16,24.45,25.04,23.36,24.16,6408800.0,0.0,1.0,24.45,25.04,23.36,24.16,6408800.0
2007-08-15,24.91,25.34,23.58,24.5,3052300.0,0.0,1.0,24.91,25.34,23.58,24.5,3052300.0
2007-08-14,26.21,26.21,24.63,25.01,2949300.0,0.0,1.0,26.21,26.21,24.63,25.01,2949300.0
2007-08-13,26.18,27.09,25.42,26.03,1772000.0,0.0,1.0,26.18,27.09,25.42,26.03,1772000.0
2007-08-10,24.62,26.12,24.1,25.7,3389000.0,0.0,1.0,24.62,26.12,24.1,25.7,3389000.0
2007-08-09,26.16,27.25,24.68,25.11,2651300.0,0.0,1.0,26.16,27.25,24.68,25.11,2651300.0
2007-08-08,26.5,27.84,26.4,26.95,3466800.0,0.0,1.0,26.5,27.84,26.4,26.95,3466800.0
2007-08-07,26.35,26.55,25.44,26.24,2373000.0,0.0,1.0,26.35,26.55,25.44,26.24,2373000.0
2007-08-06,25.98,26.56,24.63,25.91,2830500.0,0.0,1.0,25.98,26.56,24.63,25.91,2830500.0
2007-08-03,27.05,27.19,26.01,26.35,2282500.0,0.0,1.0,27.05,27.19,26.01,26.35,2282500.0
2007-08-02,27.0,27.54,25.46,27.16,4974000.0,0.0,1.0,27.0,27.54,25.46,27.16,4974000.0
2007-08-01,28.3,28.46,26.18,27.2,3847500.0,0.0,1.0,28.3,28.46,26.18,27.2,3847500.0
2007-07-31,29.53,29.94,28.41,28.43,2595800.0,0.0,1.0,29.53,29.94,28.41,28.43,2595800.0
2007-07-30,27.68,29.31,27.4,28.94,2288200.0,0.0,1.0,27.68,29.31,27.4,28.94,2288200.0
2007-07-27,28.72,28.93,27.57,27.93,1921100.0,0.0,1.0,28.72,28.93,27.57,27.93,1921100.0
2007-07-26,29.84,30.14,28.2,28.74,3062900.0,0.0,1.0,29.84,30.14,28.2,28.74,3062900.0
2007-07-25,31.03,31.16,29.54,30.28,2452500.0,0.0,1.0,31.03,31.16,29.54,30.28,2452500.0
2007-07-24,31.05,31.42,30.5,30.87,1896400.0,0.0,1.0,31.05,31.42,30.5,30.87,1896400.0
2007-07-23,31.13,31.75,31.03,31.39,872900.0,0.0,1.0,31.13,31.75,31.03,31.39,872900.0
2007-07-20,32.2,32.21,31.09,31.42,1415000.0,0.0,1.0,32.2,32.21,31.09,31.42,1415000.0
2007-07-19,32.4,32.44,32.03,32.25,1923800.0,0.0,1.0,32.4,32.44,32.03,32.25,1923800.0
2007-07-18,31.92,32.28,31.61,32.17,1034900.0,0.0,1.0,31.92,32.28,31.61,32.17,1034900.0
2007-07-17,32.46,32.5,31.95,32.01,1080900.0,0.0,1.0,32.46,32.5,31.95,32.01,1080900.0
2007-07-16,32.12,32.56,32.02,32.29,1690400.0,0.0,1.0,32.12,32.56,32.02,32.29,1690400.0
2007-07-13,32.05,32.58,31.93,32.19,1052400.0,0.0,1.0,32.05,32.58,31.93,32.19,1052400.0
2007-07-12,31.43,32.27,31.43,32.14,1408900.0,0.0,1.0,31.43,32.27,31.43,32.14,1408900.0
2007-07-11,31.07,31.35,30.75,31.15,731500.0,0.0,1.0,31.07,31.35,30.75,31.15,731500.0
2007-07-10,31.37,31.5,30.87,30.92,1798100.0,0.0,1.0,31.37,31.5,30.87,30.92,1798100.0
2007-07-09,31.28,31.75,31.25,31.57,894400.0,0.0,1.0,31.28,31.75,31.25,31.57,894400.0
2007-07-06,30.79,31.15,30.48,31.09,648400.0,0.0,1.0,30.79,31.15,30.48,31.09,648400.0
2007-07-05,31.09,31.1,30.39,30.7,991000.0,0.0,1.0,31.09,31.1,30.39,30.7,991000.0
2007-07-03,30.98,31.42,30.9,31.08,507100.0,0.0,1.0,30.98,31.42,30.9,31.08,507100.0
2007-07-02,30.95,31.33,30.85,30.97,1212700.0,0.0,1.0,30.95,31.33,30.85,30.97,1212700.0
2007-06-29,31.19,31.39,30.53,30.67,988900.0,0.0,1.0,31.19,31.39,30.53,30.67,988900.0
2007-06-28,30.85,31.23,30.38,31.01,1613200.0,0.0,1.0,30.85,31.23,30.38,31.01,1613200.0
2007-06-27,29.53,30.36,29.16,30.27,1537300.0,0.0,1.0,29.53,30.36,29.16,30.27,1537300.0
2007-06-26,30.34,30.49,29.63,29.82,1606500.0,0.0,1.0,30.34,30.49,29.63,29.82,1606500.0
2007-06-25,29.9,30.1,29.4,30.0,1886200.0,0.0,1.0,29.9,30.1,29.4,30.0,1886200.0
2007-06-22,30.58,30.84,29.71,29.75,2238900.0,0.0,1.0,30.58,30.84,29.71,29.75,2238900.0
2007-06-21,30.78,30.94,29.8,30.32,2245600.0,0.0,1.0,30.78,30.94,29.8,30.32,2245600.0
2007-06-20,31.01,31.18,30.35,30.51,1156700.0,0.0,1.0,31.01,31.18,30.35,30.51,1156700.0
2007-06-19,31.08,31.31,30.58,31.0,1098800.0,0.0,1.0,31.08,31.31,30.58,31.0,1098800.0
2007-06-18,31.87,31.88,31.08,31.29,1240000.0,0.0,1.0,31.87,31.88,31.08,31.29,1240000.0
2007-06-15,31.06,32.11,30.95,31.62,3660300.0,0.0,1.0,31.06,32.11,30.95,31.62,3660300.0
2007-06-14,29.52,30.5,29.45,30.4,2217700.0,0.0,1.0,29.52,30.5,29.45,30.4,2217700.0
2007-06-13,29.19,29.86,29.19,29.45,1260900.0,0.0,1.0,29.19,29.86,29.19,29.45,1260900.0
2007-06-12,29.3,29.5,28.73,29.12,1036000.0,0.0,1.0,29.3,29.5,28.73,29.12,1036000.0
2007-06-11,29.1,29.58,28.98,29.39,974100.0,0.0,1.0,29.1,29.58,28.98,29.39,974100.0
2007-06-08,28.4,29.36,27.66,29.27,1189400.0,0.0,1.0,28.4,29.36,27.66,29.27,1189400.0
2007-06-07,29.84,29.93,28.69,28.78,1473200.0,0.0,1.0,29.84,29.93,28.69,28.78,1473200.0
2007-06-06,30.54,30.61,29.86,30.04,985300.0,0.0,1.0,30.54,30.61,29.86,30.04,985300.0
2007-06-05,30.67,30.72,30.18,30.55,1102600.0,0.0,1.0,30.67,30.72,30.18,30.55,1102600.0
2007-06-04,30.55,31.0,30.41,30.85,1815600.0,0.0,1.0,30.55,31.0,30.41,30.85,1815600.0
2007-06-01,30.2,30.76,30.02,30.69,2015800.0,0.0,1.0,30.2,30.76,30.02,30.69,2015800.0
2007-05-31,30.82,31.1,29.9,30.01,3834400.0,0.0,1.0,30.82,31.1,29.9,30.01,3834400.0
2007-05-30,29.37,30.83,29.28,30.79,2522500.0,0.0,1.0,29.37,30.83,29.28,30.79,2522500.0
2007-05-29,29.13,29.78,29.13,29.66,907700.0,0.0,1.0,29.13,29.78,29.13,29.66,907700.0
2007-05-25,28.98,29.34,28.59,29.0,781200.0,0.0,1.0,28.98,29.34,28.59,29.0,781200.0
2007-05-24,29.68,29.95,28.65,28.82,1819500.0,0.0,1.0,29.68,29.95,28.65,28.82,1819500.0
2007-05-23,29.6,30.15,29.56,29.65,1942100.0,0.0,1.0,29.6,30.15,29.56,29.65,1942100.0
2007-05-22,29.7,29.94,29.37,29.6,887500.0,0.0,1.0,29.7,29.94,29.37,29.6,887500.0
2007-05-21,29.2,29.94,29.18,29.57,849000.0,0.0,1.0,29.2,29.94,29.18,29.57,849000.0
2007-05-18,29.07,29.43,28.86,29.15,1076000.0,0.0,1.0,29.07,29.43,28.86,29.15,1076000.0
2007-05-17,29.1,29.35,28.52,28.97,1178000.0,0.0,1.0,29.1,29.35,28.52,28.97,1178000.0
2007-05-16,29.6,29.75,28.86,29.38,981200.0,0.0,1.0,29.6,29.75,28.86,29.38,981200.0
2007-05-15,29.67,30.37,29.37,29.45,1557400.0,0.0,1.0,29.67,30.37,29.37,29.45,1557400.0
2007-05-14,29.15,29.81,29.11,29.67,1975100.0,0.0,1.0,29.15,29.81,29.11,29.67,1975100.0
2007-05-11,28.86,29.24,28.7,29.08,1070000.0,0.0,1.0,28.86,29.24,28.7,29.08,1070000.0
2007-05-10,29.37,29.43,28.72,28.89,1537300.0,0.0,1.0,29.37,29.43,28.72,28.89,1537300.0
2007-05-09,28.13,29.5,28.11,29.37,1668900.0,0.0,1.0,28.13,29.5,28.11,29.37,1668900.0
2007-05-08,29.44,29.49,28.6,28.99,2185800.0,0.0,1.0,29.44,29.49,28.6,28.99,2185800.0
2007-05-07,29.35,29.92,29.3,29.76,1771800.0,0.0,1.0,29.35,29.92,29.3,29.76,1771800.0
2007-05-04,29.05,30.08,28.67,29.38,4064700.0,0.0,1.0,29.05,30.08,28.67,29.38,4064700.0
2007-05-03,26.74,30.2,26.03,28.53,4231200.0,0.0,1.0,26.74,30.2,26.03,28.53,4231200.0
2007-05-02,27.23,27.49,26.91,27.19,2224400.0,0.0,1.0,27.23,27.49,26.91,27.19,2224400.0
2007-05-01,27.44,27.71,27.15,27.23,1972600.0,0.0,1.0,27.44,27.71,27.15,27.23,1972600.0
2007-04-30,27.85,28.01,27.41,27.49,1749300.0,0.0,1.0,27.85,28.01,27.41,27.49,1749300.0
2007-04-27,27.9,28.12,27.52,27.99,1178500.0,0.0,1.0,27.9,28.12,27.52,27.99,1178500.0
2007-04-26,28.25,28.66,27.77,28.19,1304900.0,0.0,1.0,28.25,28.66,27.77,28.19,1304900.0
2007-04-25,27.52,28.33,27.32,28.15,1103400.0,0.0,1.0,27.52,28.33,27.32,28.15,1103400.0
2007-04-24,27.59,27.84,27.14,27.46,1926700.0,0.0,1.0,27.59,27.84,27.14,27.46,1926700.0
2007-04-23,26.85,27.68,26.73,27.61,2470300.0,0.0,1.0,26.85,27.68,26.73,27.61,2470300.0
2007-04-20,26.83,27.32,26.64,26.9,1817100.0,0.0,1.0,26.83,27.32,26.64,26.9,1817100.0
2007-04-19,26.4,26.86,26.04,26.68,1679400.0,0.0,1.0,26.4,26.86,26.04,26.68,1679400.0
2007-04-18,26.35,26.97,25.76,26.58,1058500.0,0.0,1.0,26.35,26.97,25.76,26.58,1058500.0
2007-04-17,26.77,27.13,26.32,26.4,931200.0,0.0,1.0,26.77,27.13,26.32,26.4,931200.0
2007-04-16,26.2,26.56,26.16,26.5,1280500.0,0.0,1.0,26.2,26.56,26.16,26.5,1280500.0
2007-04-13,26.14,26.28,25.63,26.0,2266700.0,0.0,1.0,26.14,26.28,25.63,26.0,2266700.0
2007-04-12,25.65,26.15,25.5,26.15,1347100.0,0.0,1.0,25.65,26.15,25.5,26.15,1347100.0
2007-04-11,25.71,25.85,25.32,25.71,1522300.0,0.0,1.0,25.71,25.85,25.32,25.71,1522300.0
2007-04-10,25.75,26.1,25.54,25.76,1127000.0,0.0,1.0,25.75,26.1,25.54,25.76,1127000.0
2007-04-09,25.81,25.95,25.41,25.69,862000.0,0.0,1.0,25.81,25.95,25.41,25.69,862000.0
2007-04-05,25.59,25.8,25.48,25.72,987400.0,0.0,1.0,25.59,25.8,25.48,25.72,987400.0
2007-04-04,25.58,25.72,25.36,25.51,2605800.0,0.0,1.0,25.58,25.72,25.36,25.51,2605800.0
2007-04-03,25.57,25.67,25.47,25.52,1613500.0,0.0,1.0,25.57,25.67,25.47,25.52,1613500.0
2007-04-02,25.37,25.62,25.27,25.4,971000.0,0.0,1.0,25.37,25.62,25.27,25.4,971000.0
2007-03-30,25.27,25.61,25.01,25.22,1663500.0,0.0,1.0,25.27,25.61,25.01,25.22,1663500.0
2007-03-29,25.72,25.75,25.18,25.29,4333300.0,0.0,1.0,25.72,25.75,25.18,25.29,4333300.0
2007-03-28,25.63,25.63,24.98,25.55,1916600.0,0.0,1.0,25.63,25.63,24.98,25.55,1916600.0
2007-03-27,25.31,25.59,25.13,25.43,1518700.0,0.0,1.0,25.31,25.59,25.13,25.43,1518700.0
2007-03-26,25.76,25.79,25.2,25.47,1902300.0,0.0,1.0,25.76,25.79,25.2,25.47,1902300.0
2007-03-23,25.5,25.82,25.36,25.71,3421500.0,0.0,1.0,25.5,25.82,25.36,25.71,3421500.0
2007-03-22,24.89,25.5,24.89,25.43,3928000.0,0.0,1.0,24.89,25.5,24.89,25.43,3928000.0
2007-03-21,24.26,25.0,24.05,24.86,4562200.0,0.0,1.0,24.26,25.0,24.05,24.86,4562200.0
2007-03-20,24.67,24.75,24.04,24.28,4001400.0,0.0,1.0,24.67,24.75,24.04,24.28,4001400.0
2007-03-19,24.35,26.04,23.82,24.67,7604200.0,0.0,1.0,24.35,26.04,23.82,24.67,7604200.0
2007-03-16,24.99,25.06,24.51,24.64,718400.0,0.0,1.0,24.99,25.06,24.51,24.64,718400.0
2007-03-15,24.26,25.01,24.26,24.9,1446800.0,0.0,1.0,24.26,25.01,24.26,24.9,1446800.0
2007-03-14,24.01,24.43,23.56,24.32,1073100.0,0.0,1.0,24.01,24.43,23.56,24.32,1073100.0
2007-03-13,24.22,24.3,23.87,23.95,793400.0,0.0,1.0,24.22,24.3,23.87,23.95,793400.0
2007-03-12,24.35,24.55,24.25,24.46,1143400.0,0.0,1.0,24.35,24.55,24.25,24.46,1143400.0
2007-03-09,24.32,24.36,23.95,24.17,885800.0,0.0,1.0,24.32,24.36,23.95,24.17,885800.0
2007-03-08,24.22,24.48,23.97,24.07,1348500.0,0.0,1.0,24.22,24.48,23.97,24.07,1348500.0
2007-03-07,23.08,24.08,23.08,24.02,1976400.0,0.0,1.0,23.08,24.08,23.08,24.02,1976400.0
2007-03-06,21.8,23.11,21.8,22.87,1597600.0,0.0,1.0,21.8,23.11,21.8,22.87,1597600.0
2007-03-05,22.01,22.4,21.65,21.67,1521400.0,0.0,1.0,22.01,22.4,21.65,21.67,1521400.0
2007-03-02,23.31,23.43,22.36,22.38,1138900.0,0.0,1.0,23.31,23.43,22.36,22.38,1138900.0
2007-03-01,22.88,23.55,22.5,23.42,1585100.0,0.0,1.0,22.88,23.55,22.5,23.42,1585100.0
2007-02-28,22.58,23.21,22.27,23.18,1857000.0,0.0,1.0,22.58,23.21,22.27,23.18,1857000.0
2007-02-27,23.4,23.4,22.0,22.68,1968500.0,0.0,1.0,23.4,23.4,22.0,22.68,1968500.0
2007-02-26,23.8,23.94,23.16,23.68,1746800.0,0.0,1.0,23.8,23.94,23.16,23.68,1746800.0
2007-02-23,23.05,23.66,23.01,23.62,1318500.0,0.0,1.0,23.05,23.66,23.01,23.62,1318500.0
2007-02-22,23.2,23.43,22.12,23.01,2199100.0,0.0,1.0,23.2,23.43,22.12,23.01,2199100.0
2007-02-21,22.25,22.49,22.12,22.25,967700.0,0.0,1.0,22.25,22.49,22.12,22.25,967700.0
2007-02-20,21.67,22.38,21.64,22.25,1948100.0,0.0,1.0,21.67,22.38,21.64,22.25,1948100.0
2007-02-16,21.8,21.93,21.47,21.76,915900.0,0.0,1.0,21.8,21.93,21.47,21.76,915900.0
2007-02-15,21.55,21.98,21.45,21.77,1602600.0,0.0,1.0,21.55,21.98,21.45,21.77,1602600.0
2007-02-14,21.13,21.57,20.97,21.5,1142000.0,0.0,1.0,21.13,21.57,20.97,21.5,1142000.0
2007-02-13,20.75,21.0,20.67,21.0,696000.0,0.0,1.0,20.75,21.0,20.67,21.0,696000.0
2007-02-12,20.89,20.96,20.55,20.68,808500.0,0.0,1.0,20.89,20.96,20.55,20.68,808500.0
2007-02-09,21.29,21.29,20.73,20.93,562200.0,0.0,1.0,21.29,21.29,20.73,20.93,562200.0
2007-02-08,21.25,21.38,21.1,21.25,805600.0,0.0,1.0,21.25,21.38,21.1,21.25,805600.0
2007-02-07,21.21,21.41,21.1,21.26,685300.0,0.0,1.0,21.21,21.41,21.1,21.26,685300.0
2007-02-06,20.82,21.17,20.82,21.14,1239000.0,0.0,1.0,20.82,21.17,20.82,21.14,1239000.0
2007-02-05,20.94,21.02,20.7,20.79,770500.0,0.0,1.0,20.94,21.02,20.7,20.79,770500.0
2007-02-02,21.0,21.57,20.86,20.98,1978600.0,0.0,1.0,21.0,21.57,20.86,20.98,1978600.0
2007-02-01,20.76,21.0,20.66,21.0,1650800.0,0.0,1.0,20.76,21.0,20.66,21.0,1650800.0
2007-01-31,20.82,20.86,20.33,20.57,2675600.0,0.0,1.0,20.82,20.86,20.33,20.57,2675600.0
2007-01-30,20.82,21.0,20.65,20.8,3375500.0,0.0,1.0,20.82,21.0,20.65,20.8,3375500.0
2007-01-29,20.98,21.0,20.67,20.82,1347100.0,0.0,1.0,20.98,21.0,20.67,20.82,1347100.0
2007-01-26,20.82,21.0,20.63,20.91,1667000.0,0.0,1.0,20.82,21.0,20.63,20.91,1667000.0
2007-01-25,20.8,20.97,20.6,20.72,2061600.0,0.0,1.0,20.8,20.97,20.6,20.72,2061600.0
2007-01-24,20.89,21.23,20.66,20.94,4016200.0,0.0,1.0,20.89,21.23,20.66,20.94,4016200.0
2007-01-23,20.04,20.24,19.72,19.9,4327900.0,0.0,1.0,20.04,20.24,19.72,19.9,4327900.0
2007-01-22,20.35,20.41,19.8,20.0,1425000.0,0.0,1.0,20.35,20.41,19.8,20.0,1425000.0
2007-01-19,20.26,20.41,20.08,20.31,985800.0,0.0,1.0,20.26,20.41,20.08,20.31,985800.0
2007-01-18,20.63,20.82,20.34,20.35,1016400.0,0.0,1.0,20.63,20.82,20.34,20.35,1016400.0
2007-01-17,20.75,20.9,20.57,20.65,713900.0,0.0,1.0,20.75,20.9,20.57,20.65,713900.0
2007-01-16,20.75,20.9,20.5,20.73,1311600.0,0.0,1.0,20.75,20.9,20.5,20.73,1311600.0
2007-01-12,19.73,20.68,19.73,20.6,1264100.0,0.0,1.0,19.73,20.68,19.73,20.6,1264100.0
2007-01-11,19.84,19.99,19.6,19.72,1655200.0,0.0,1.0,19.84,19.99,19.6,19.72,1655200.0
2007-01-10,19.06,19.81,19.0,19.73,1135400.0,0.0,1.0,19.06,19.81,19.0,19.73,1135400.0
2007-01-09,19.01,19.28,18.87,19.17,700700.0,0.0,1.0,19.01,19.28,18.87,19.17,700700.0
2007-01-08,18.76,19.18,18.66,19.03,824900.0,0.0,1.0,18.76,19.18,18.66,19.03,824900.0
2007-01-05,19.08,19.09,18.71,18.8,892100.0,0.0,1.0,19.08,19.09,18.71,18.8,892100.0
2007-01-04,19.08,19.41,18.96,19.2,1431400.0,0.0,1.0,19.08,19.41,18.96,19.2,1431400.0
2007-01-03,19.79,19.87,18.87,19.16,1472600.0,0.0,1.0,19.79,19.87,18.87,19.16,1472600.0
2006-12-29,19.75,19.85,19.65,19.67,568500.0,0.0,1.0,19.75,19.85,19.65,19.67,568500.0
2006-12-28,19.72,20.05,19.66,19.81,596900.0,0.0,1.0,19.72,20.05,19.66,19.81,596900.0
2006-12-27,19.78,19.96,19.6,19.79,469800.0,0.0,1.0,19.78,19.96,19.6,19.79,469800.0
2006-12-26,19.36,19.79,19.25,19.72,643100.0,0.0,1.0,19.36,19.79,19.25,19.72,643100.0
2006-12-22,19.55,19.65,19.3,19.32,298200.0,0.0,1.0,19.55,19.65,19.3,19.32,298200.0
2006-12-21,19.8,19.81,19.23,19.52,764300.0,0.0,1.0,19.8,19.81,19.23,19.52,764300.0
2006-12-20,19.32,20.05,19.22,19.83,1990700.0,0.0,1.0,19.32,20.05,19.22,19.83,1990700.0
2006-12-19,18.86,19.43,18.82,19.32,1226200.0,0.0,1.0,18.86,19.43,18.82,19.32,1226200.0
2006-12-18,19.09,19.32,18.87,18.89,471800.0,0.0,1.0,19.09,19.32,18.87,18.89,471800.0
2006-12-15,19.17,19.4,19.08,19.08,721100.0,0.0,1.0,19.17,19.4,19.08,19.08,721100.0
2006-12-14,18.63,19.27,18.57,19.05,941700.0,0.0,1.0,18.63,19.27,18.57,19.05,941700.0
2006-12-13,19.09,19.2,18.45,18.6,1526300.0,0.0,1.0,19.09,19.2,18.45,18.6,1526300.0
2006-12-12,19.27,19.41,19.03,19.05,656200.0,0.0,1.0,19.27,19.41,19.03,19.05,656200.0
2006-12-11,19.29,19.49,19.21,19.32,805000.0,0.0,1.0,19.29,19.49,19.21,19.32,805000.0
2006-12-08,19.04,19.44,18.91,19.28,912300.0,0.0,1.0,19.04,19.44,18.91,19.28,912300.0
2006-12-07,19.27,19.4,19.0,19.03,670500.0,0.0,1.0,19.27,19.4,19.0,19.03,670500.0
2006-12-06,18.94,19.57,18.88,19.28,1621000.0,0.0,1.0,18.94,19.57,18.88,19.28,1621000.0
2006-12-05,18.46,19.09,18.41,18.9,1242200.0,0.0,1.0,18.46,19.09,18.41,18.9,1242200.0
2006-12-04,18.25,18.66,18.17,18.57,780500.0,0.0,1.0,18.25,18.66,18.17,18.57,780500.0
2006-12-01,18.34,18.45,17.97,18.19,1185100.0,0.0,1.0,18.34,18.45,17.97,18.19,1185100.0
2006-11-30,18.16,18.52,18.1,18.33,1101100.0,0.0,1.0,18.16,18.52,18.1,18.33,1101100.0
2006-11-29,17.96,18.25,17.92,18.19,1091800.0,0.0,1.0,17.96,18.25,17.92,18.19,1091800.0
2006-11-28,17.54,18.1,17.52,17.87,1903200.0,0.0,1.0,17.54,18.1,17.52,17.87,1903200.0
2006-11-27,18.06,18.15,17.62,17.63,926300.0,0.0,1.0,18.06,18.15,17.62,17.63,926300.0
2006-11-24,18.13,18.25,18.09,18.1,244900.0,0.0,1.0,18.13,18.25,18.09,18.1,244900.0
2006-11-22,18.19,18.31,18.12,18.26,483500.0,0.0,1.0,18.19,18.31,18.12,18.26,483500.0
2006-11-21,18.34,18.37,18.09,18.16,585700.0,0.0,1.0,18.34,18.37,18.09,18.16,585700.0
2006-11-20,18.28,18.41,18.21,18.37,1201400.0,0.0,1.0,18.28,18.41,18.21,18.37,1201400.0
2006-11-17,18.24,18.44,18.15,18.33,569500.0,0.0,1.0,18.24,18.44,18.15,18.33,569500.0
2006-11-16,18.36,18.42,18.19,18.24,655400.0,0.0,1.0,18.36,18.42,18.19,18.24,655400.0
2006-11-15,18.3,18.4,18.08,18.3,664400.0,0.0,1.0,18.3,18.4,18.08,18.3,664400.0
2006-11-14,18.0,18.24,17.69,18.2,1251100.0,0.0,1.0,18.0,18.24,17.69,18.2,1251100.0
2006-11-13,17.72,18.09,17.71,18.01,1018200.0,0.0,1.0,17.72,18.09,17.71,18.01,1018200.0
2006-11-10,17.52,17.9,17.48,17.83,550800.0,0.0,1.0,17.52,17.9,17.48,17.83,550800.0
2006-11-09,17.4,17.9,17.3,17.47,1071900.0,0.0,1.0,17.4,17.9,17.3,17.47,1071900.0
2006-11-08,17.3,17.52,17.26,17.38,700100.0,0.0,1.0,17.3,17.52,17.26,17.38,700100.0
2006-11-07,16.95,17.54,16.95,17.44,1283400.0,0.0,1.0,16.95,17.54,16.95,17.44,1283400.0
2006-11-06,17.06,17.12,16.79,16.84,2524500.0,0.0,1.0,17.06,17.12,16.79,16.84,2524500.0
2006-11-03,17.1,17.38,17.07,17.27,1680200.0,0.0,1.0,17.1,17.38,17.07,17.27,1680200.0
2006-11-02,17.26,17.8,17.0,17.28,3364000.0,0.0,1.0,17.26,17.8,17.0,17.28,3364000.0
2006-11-01,18.41,18.41,18.07,18.08,732100.0,0.0,1.0,18.41,18.41,18.07,18.08,732100.0
2006-10-31,18.66,18.7,18.26,18.3,681000.0,0.0,1.0,18.66,18.7,18.26,18.3,681000.0
2006-10-30,18.53,18.9,18.46,18.62,782400.0,0.0,1.0,18.53,18.9,18.46,18.62,782400.0
2006-10-27,19.13,19.13,18.62,18.63,734900.0,0.0,1.0,19.13,19.13,18.62,18.63,734900.0
2006-10-26,19.2,19.34,19.0,19.23,562200.0,0.0,1.0,19.2,19.34,19.0,19.23,562200.0
2006-10-25,19.0,19.25,18.92,19.12,828400.0,0.0,1.0,19.0,19.25,18.92,19.12,828400.0
2006-10-24,18.85,19.2,18.75,18.98,756200.0,0.0,1.0,18.85,19.2,18.75,18.98,756200.0
2006-10-23,18.83,19.14,18.81,18.96,596500.0,0.0,1.0,18.83,19.14,18.81,18.96,596500.0
2006-10-20,18.98,19.04,18.77,18.88,937300.0,0.0,1.0,18.98,19.04,18.77,18.88,937300.0
2006-10-19,18.8,19.04,18.75,19.0,1330400.0,0.0,1.0,18.8,19.04,18.75,19.0,1330400.0
2006-10-18,18.75,19.0,18.72,18.76,1442700.0,0.0,1.0,18.75,19.0,18.72,18.76,1442700.0
2006-10-17,18.6,18.98,18.6,18.75,1965600.0,0.0,1.0,18.6,18.98,18.6,18.75,1965600.0
2006-10-16,17.92,19.18,17.8,18.75,2304400.0,0.0,1.0,17.92,19.18,17.8,18.75,2304400.0
2006-10-13,17.51,17.88,17.46,17.77,1138000.0,0.0,1.0,17.51,17.88,17.46,17.77,1138000.0
2006-10-12,17.22,17.64,17.2,17.53,564700.0,0.0,1.0,17.22,17.64,17.2,17.53,564700.0
2006-10-11,17.34,17.55,16.99,17.15,833400.0,0.0,1.0,17.34,17.55,16.99,17.15,833400.0
2006-10-10,17.43,17.61,17.3,17.43,661900.0,0.0,1.0,17.43,17.61,17.3,17.43,661900.0
2006-10-09,17.0,17.67,16.95,17.49,858600.0,0.0,1.0,17.0,17.67,16.95,17.49,858600.0
2006-10-06,16.85,17.38,16.78,17.14,1119300.0,0.0,1.0,16.85,17.38,16.78,17.14,1119300.0
2006-10-05,16.84,17.11,16.83,16.97,1294000.0,0.0,1.0,16.84,17.11,16.83,16.97,1294000.0
2006-10-04,16.34,17.02,16.32,16.9,1658900.0,0.0,1.0,16.34,17.02,16.32,16.9,1658900.0
2006-10-03,16.72,16.77,16.33,16.43,739100.0,0.0,1.0,16.72,16.77,16.33,16.43,739100.0
2006-10-02,16.86,17.24,16.62,16.79,667100.0,0.0,1.0,16.86,17.24,16.62,16.79,667100.0
2006-09-29,17.15,17.18,16.83,16.86,972000.0,0.0,1.0,17.15,17.18,16.83,16.86,972000.0
2006-09-28,17.19,17.52,17.11,17.22,644100.0,0.0,1.0,17.19,17.52,17.11,17.22,644100.0
2006-09-27,17.23,17.62,17.12,17.19,689300.0,0.0,1.0,17.23,17.62,17.12,17.19,689300.0
2006-09-26,17.42,17.53,17.19,17.3,1187100.0,0.0,1.0,17.42,17.53,17.19,17.3,1187100.0
2006-09-25,17.55,17.69,17.02,17.53,903300.0,0.0,1.0,17.55,17.69,17.02,17.53,903300.0
2006-09-22,17.39,17.67,17.28,17.47,1108300.0,0.0,1.0,17.39,17.67,17.28,17.47,1108300.0
2006-09-21,17.8,17.89,17.41,17.48,849400.0,0.0,1.0,17.8,17.89,17.41,17.48,849400.0
2006-09-20,17.57,18.02,17.55,17.77,976300.0,0.0,1.0,17.57,18.02,17.55,17.77,976300.0
2006-09-19,17.49,17.68,17.2,17.45,820000.0,0.0,1.0,17.49,17.68,17.2,17.45,820000.0
2006-09-18,17.34,17.82,17.32,17.53,946300.0,0.0,1.0,17.34,17.82,17.32,17.53,946300.0
2006-09-15,17.43,17.49,17.16,17.32,507600.0,0.0,1.0,17.43,17.49,17.16,17.32,507600.0
2006-09-14,17.4,17.5,17.2,17.28,333300.0,0.0,1.0,17.4,17.5,17.2,17.28,333300.0
2006-09-13,17.38,17.6,17.24,17.51,425500.0,0.0,1.0,17.38,17.6,17.24,17.51,425500.0
2006-09-12,17.02,17.52,16.97,17.36,378800.0,0.0,1.0,17.02,17.52,16.97,17.36,378800.0
2006-09-11,16.85,17.22,16.68,17.06,537200.0,0.0,1.0,16.85,17.22,16.68,17.06,537200.0
2006-09-08,17.16,17.23,16.88,16.91,871300.0,0.0,1.0,17.16,17.23,16.88,16.91,871300.0
2006-09-07,17.05,17.32,16.85,17.15,616700.0,0.0,1.0,17.05,17.32,16.85,17.15,616700.0
2006-09-06,17.45,17.5,16.98,17.09,878100.0,0.0,1.0,17.45,17.5,16.98,17.09,878100.0
2006-09-05,17.86,17.86,17.45,17.58,967000.0,0.0,1.0,17.86,17.86,17.45,17.58,967000.0
2006-09-01,17.79,17.89,17.4,17.86,500200.0,0.0,1.0,17.79,17.89,17.4,17.86,500200.0
2006-08-31,17.96,17.96,17.65,17.73,641800.0,0.0,1.0,17.96,17.96,17.65,17.73,641800.0
2006-08-30,17.69,18.01,17.44,17.97,905500.0,0.0,1.0,17.69,18.01,17.44,17.97,905500.0
2006-08-29,17.61,17.66,17.2,17.63,607100.0,0.0,1.0,17.61,17.66,17.2,17.63,607100.0
2006-08-28,17.16,17.71,17.13,17.6,810700.0,0.0,1.0,17.16,17.71,17.13,17.6,810700.0
2006-08-25,17.0,17.24,16.88,17.16,396100.0,0.0,1.0,17.0,17.24,16.88,17.16,396100.0
2006-08-24,16.96,17.1,16.66,17.02,568700.0,0.0,1.0,16.96,17.1,16.66,17.02,568700.0
2006-08-23,17.48,17.5,16.7,16.87,596700.0,0.0,1.0,17.48,17.5,16.7,16.87,596700.0
2006-08-22,17.03,17.44,17.0,17.39,776800.0,0.0,1.0,17.03,17.44,17.0,17.39,776800.0
2006-08-21,17.51,17.51,16.94,17.11,846900.0,0.0,1.0,17.51,17.51,16.94,17.11,846900.0
2006-08-18,17.44,17.63,17.15,17.54,1156300.0,0.0,1.0,17.44,17.63,17.15,17.54,1156300.0
2006-08-17,17.17,17.55,17.16,17.46,859100.0,0.0,1.0,17.17,17.55,17.16,17.46,859100.0
2006-08-16,16.85,17.35,16.69,17.28,1316900.0,0.0,1.0,16.85,17.35,16.69,17.28,1316900.0
2006-08-15,16.74,16.8,16.42,16.72,1073500.0,0.0,1.0,16.74,16.8,16.42,16.72,1073500.0
2006-08-14,16.6,16.78,16.37,16.51,765500.0,0.0,1.0,16.6,16.78,16.37,16.51,765500.0
2006-08-11,16.48,16.55,16.24,16.5,363200.0,0.0,1.0,16.48,16.55,16.24,16.5,363200.0
2006-08-10,16.62,16.75,16.47,16.58,788500.0,0.0,1.0,16.62,16.75,16.47,16.58,788500.0
2006-08-09,17.05,17.14,16.58,16.65,850800.0,0.0,1.0,17.05,17.14,16.58,16.65,850800.0
2006-08-08,17.37,17.4,16.89,16.9,1598600.0,0.0,1.0,17.37,17.4,16.89,16.9,1598600.0
2006-08-07,17.66,17.74,17.02,17.23,1089800.0,0.0,1.0,17.66,17.74,17.02,17.23,1089800.0
2006-08-04,17.3,17.8,17.3,17.74,2104600.0,0.0,1.0,17.3,17.8,17.3,17.74,2104600.0
2006-08-03,16.75,17.35,16.4,17.28,1346100.0,0.0,1.0,16.75,17.35,16.4,17.28,1346100.0
2006-08-02,15.54,17.18,15.3,16.74,4236700.0,0.0,1.0,15.54,17.18,15.3,16.74,4236700.0
2006-08-01,15.9,16.21,15.7,16.11,1409700.0,0.0,1.0,15.9,16.21,15.7,16.11,1409700.0
2006-07-31,15.83,16.03,15.62,15.96,922300.0,0.0,1.0,15.83,16.03,15.62,15.96,922300.0
2006-07-28,15.17,16.04,15.17,15.86,1596900.0,0.0,1.0,15.17,16.04,15.17,15.86,1596900.0
2006-07-27,14.87,15.3,14.86,15.06,1403100.0,0.0,1.0,14.87,15.3,14.86,15.06,1403100.0
2006-07-26,14.56,14.98,14.4,14.82,1178700.0,0.0,1.0,14.56,14.98,14.4,14.82,1178700.0
2006-07-25,14.76,15.16,14.58,14.66,1544000.0,0.0,1.0,14.76,15.16,14.58,14.66,1544000.0
2006-07-24,14.9,14.91,14.53,14.77,1237600.0,0.0,1.0,14.9,14.91,14.53,14.77,1237600.0
2006-07-21,15.12,15.13,14.77,14.8,906500.0,0.0,1.0,15.12,15.13,14.77,14.8,906500.0
2006-07-20,15.73,15.81,15.16,15.17,1625400.0,0.0,1.0,15.73,15.81,15.16,15.17,1625400.0
2006-07-19,15.07,15.75,15.07,15.65,799500.0,0.0,1.0,15.07,15.75,15.07,15.65,799500.0
2006-07-18,15.13,15.19,14.96,15.11,1098500.0,0.0,1.0,15.13,15.19,14.96,15.11,1098500.0
2006-07-17,15.23,15.35,14.89,15.0,1115700.0,0.0,1.0,15.23,15.35,14.89,15.0,1115700.0
2006-07-14,15.37,15.55,15.05,15.29,1543600.0,0.0,1.0,15.37,15.55,15.05,15.29,1543600.0
2006-07-13,15.85,15.85,15.28,15.46,2609900.0,0.0,1.0,15.85,15.85,15.28,15.46,2609900.0
2006-07-12,16.22,16.32,15.88,15.98,626700.0,0.0,1.0,16.22,16.32,15.88,15.98,626700.0
2006-07-11,16.08,16.39,15.98,16.28,784100.0,0.0,1.0,16.08,16.39,15.98,16.28,784100.0
2006-07-10,16.51,16.55,16.11,16.15,376200.0,0.0,1.0,16.51,16.55,16.11,16.15,376200.0
2006-07-07,16.85,16.85,16.35,16.48,628900.0,0.0,1.0,16.85,16.85,16.35,16.48,628900.0
2006-07-06,16.75,17.2,16.61,16.95,1191900.0,0.0,1.0,16.75,17.2,16.61,16.95,1191900.0
2006-07-05,17.0,17.07,16.51,16.69,1057400.0,0.0,1.0,17.0,17.07,16.51,16.69,1057400.0
2006-07-03,17.14,17.19,16.95,17.1,831600.0,0.0,1.0,17.14,17.19,16.95,17.1,831600.0
2006-06-30,16.56,17.33,16.22,17.33,6242400.0,0.0,1.0,16.56,17.33,16.22,17.33,6242400.0
2006-06-29,15.5,16.44,15.48,16.43,1868500.0,0.0,1.0,15.5,16.44,15.48,16.43,1868500.0
2006-06-28,15.34,15.37,15.02,15.33,701100.0,0.0,1.0,15.34,15.37,15.02,15.33,701100.0
2006-06-27,15.89,15.99,15.27,15.3,807800.0,0.0,1.0,15.89,15.99,15.27,15.3,807800.0
2006-06-26,15.83,16.08,15.67,15.84,1110500.0,0.0,1.0,15.83,16.08,15.67,15.84,1110500.0
2006-06-23,15.47,15.91,15.26,15.66,862600.0,0.0,1.0,15.47,15.91,15.26,15.66,862600.0
2006-06-22,15.28,15.56,15.11,15.56,2034500.0,0.0,1.0,15.28,15.56,15.11,15.56,2034500.0
2006-06-21,14.66,14.9,14.62,14.67,1686700.0,0.0,1.0,14.66,14.9,14.62,14.67,1686700.0
2006-06-20,14.64,15.07,14.6,14.73,1183200.0,0.0,1.0,14.64,15.07,14.6,14.73,1183200.0
2006-06-19,15.3,15.38,14.61,14.72,983000.0,0.0,1.0,15.3,15.38,14.61,14.72,983000.0
2006-06-16,15.63,15.78,15.09,15.34,2217500.0,0.0,1.0,15.63,15.78,15.09,15.34,2217500.0
2006-06-15,14.77,15.72,14.73,15.64,938000.0,0.0,1.0,14.77,15.72,14.73,15.64,938000.0
2006-06-14,14.56,14.9,14.47,14.71,2971700.0,0.0,1.0,14.56,14.9,14.47,14.71,2971700.0
2006-06-13,14.93,15.3,14.5,14.64,1192500.0,0.0,1.0,14.93,15.3,14.5,14.64,1192500.0
2006-06-12,15.1,15.36,14.89,15.03,933500.0,0.0,1.0,15.1,15.36,14.89,15.03,933500.0
2006-06-09,15.85,15.92,15.3,15.43,498700.0,0.0,1.0,15.85,15.92,15.3,15.43,498700.0
2006-06-08,15.55,15.82,14.95,15.69,1188900.0,0.0,1.0,15.55,15.82,14.95,15.69,1188900.0
2006-06-07,15.9,15.99,15.64,15.72,1299600.0,0.0,1.0,15.9,15.99,15.64,15.72,1299600.0
2006-06-06,16.17,16.32,15.86,15.9,1484300.0,0.0,1.0,16.17,16.32,15.86,15.9,1484300.0
2006-06-05,16.73,16.73,16.06,16.1,995100.0,0.0,1.0,16.73,16.73,16.06,16.1,995100.0
2006-06-02,17.25,17.26,16.65,16.98,1104100.0,0.0,1.0,17.25,17.26,16.65,16.98,1104100.0
2006-06-01,16.9,17.1,16.44,17.05,1618200.0,0.0,1.0,16.9,17.1,16.44,17.05,1618200.0
2006-05-31,16.06,16.72,15.96,16.65,1547100.0,0.0,1.0,16.06,16.72,15.96,16.65,1547100.0
2006-05-30,16.4,16.45,15.93,15.94,798000.0,0.0,1.0,16.4,16.45,15.93,15.94,798000.0
2006-05-26,16.55,16.75,16.46,16.53,561300.0,0.0,1.0,16.55,16.75,16.46,16.53,561300.0
2006-05-25,16.44,16.5,16.19,16.46,1121100.0,0.0,1.0,16.44,16.5,16.19,16.46,1121100.0
2006-05-24,16.4,16.69,15.84,16.19,1826100.0,0.0,1.0,16.4,16.69,15.84,16.19,1826100.0
2006-05-23,16.93,17.19,16.45,16.49,1158600.0,0.0,1.0,16.93,17.19,16.45,16.49,1158600.0
2006-05-22,16.81,16.97,16.27,16.72,1779700.0,0.0,1.0,16.81,16.97,16.27,16.72,1779700.0
2006-05-19,16.58,17.21,16.58,17.06,1594000.0,0.0,1.0,16.58,17.21,16.58,17.06,1594000.0
2006-05-18,16.77,17.2,16.54,16.62,785500.0,0.0,1.0,16.77,17.2,16.54,16.62,785500.0
2006-05-17,16.8,17.06,16.54,16.77,870800.0,0.0,1.0,16.8,17.06,16.54,16.77,870800.0
2006-05-16,17.54,17.82,17.13,17.17,948400.0,0.0,1.0,17.54,17.82,17.13,17.17,948400.0
2006-05-15,17.57,17.71,17.17,17.6,984600.0,0.0,1.0,17.57,17.71,17.17,17.6,984600.0
2006-05-12,17.78,18.16,17.68,17.73,1203500.0,0.0,1.0,17.78,18.16,17.68,17.73,1203500.0
2006-05-11,18.53,18.58,18.2,18.28,802700.0,0.0,1.0,18.53,18.58,18.2,18.28,802700.0
2006-05-10,18.53,18.67,18.4,18.56,771500.0,0.0,1.0,18.53,18.67,18.4,18.56,771500.0
2006-05-09,18.8,18.9,18.5,18.6,1097400.0,0.0,1.0,18.8,18.9,18.5,18.6,1097400.0
2006-05-08,18.25,18.92,18.22,18.9,2192500.0,0.0,1.0,18.25,18.92,18.22,18.9,2192500.0
2006-05-05,18.2,18.53,17.9,18.29,1606500.0,0.0,1.0,18.2,18.53,17.9,18.29,1606500.0
2006-05-04,17.3,18.38,17.0,18.22,4568500.0,0.0,1.0,17.3,18.38,17.0,18.22,4568500.0
2006-05-03,16.62,16.93,16.51,16.93,1489400.0,0.0,1.0,16.62,16.93,16.51,16.93,1489400.0
2006-05-02,16.15,16.58,16.0,16.58,1305000.0,0.0,1.0,16.15,16.58,16.0,16.58,1305000.0
2006-05-01,16.18,16.43,16.1,16.12,572300.0,0.0,1.0,16.18,16.43,16.1,16.12,572300.0
2006-04-28,16.03,16.34,16.0,16.22,1563000.0,0.0,1.0,16.03,16.34,16.0,16.22,1563000.0
2006-04-27,15.6,16.32,15.32,16.18,5943900.0,0.0,1.0,15.6,16.32,15.32,16.18,5943900.0
2006-04-26,16.79,16.91,16.33,16.6,933400.0,0.0,1.0,16.79,16.91,16.33,16.6,933400.0
2006-04-25,16.55,16.76,16.27,16.72,940500.0,0.0,1.0,16.55,16.76,16.27,16.72,940500.0
2006-04-24,16.9,16.9,16.26,16.55,1170700.0,0.0,1.0,16.9,16.9,16.26,16.55,1170700.0
2006-04-21,17.41,17.41,16.74,16.92,992500.0,0.0,1.0,17.41,17.41,16.74,16.92,992500.0
2006-04-20,17.2,17.29,16.92,17.11,734400.0,0.0,1.0,17.2,17.29,16.92,17.11,734400.0
2006-04-19,17.2,17.29,16.9,17.29,614800.0,0.0,1.0,17.2,17.29,16.9,17.29,614800.0
2006-04-18,16.37,17.35,16.37,17.24,1437000.0,0.0,1.0,16.37,17.35,16.37,17.24,1437000.0
2006-04-17,16.28,16.47,16.19,16.33,522400.0,0.0,1.0,16.28,16.47,16.19,16.33,522400.0
2006-04-13,16.5,16.65,16.23,16.3,547600.0,0.0,1.0,16.5,16.65,16.23,16.3,547600.0
2006-04-12,15.61,16.67,15.61,16.61,1519700.0,0.0,1.0,15.61,16.67,15.61,16.61,1519700.0
2006-04-11,16.18,16.18,15.2,15.61,2015000.0,0.0,1.0,16.18,16.18,15.2,15.61,2015000.0
2006-04-10,16.57,16.63,16.07,16.18,567000.0,0.0,1.0,16.57,16.63,16.07,16.18,567000.0
2006-04-07,16.64,16.81,16.34,16.57,1193800.0,0.0,1.0,16.64,16.81,16.34,16.57,1193800.0
2006-04-06,16.35,16.6,16.16,16.54,2186500.0,0.0,1.0,16.35,16.6,16.16,16.54,2186500.0
2006-04-05,16.06,16.45,15.91,16.44,766600.0,0.0,1.0,16.06,16.45,15.91,16.44,766600.0
2006-04-04,15.98,16.27,15.9,16.1,772600.0,0.0,1.0,15.98,16.27,15.9,16.1,772600.0
2006-04-03,16.09,16.39,15.93,16.03,978200.0,0.0,1.0,16.09,16.39,15.93,16.03,978200.0
2006-03-31,15.95,16.09,15.82,16.02,910300.0,0.0,1.0,15.95,16.09,15.82,16.02,910300.0
2006-03-30,15.87,15.94,15.66,15.8,687800.0,0.0,1.0,15.87,15.94,15.66,15.8,687800.0
2006-03-29,16.0,16.0,15.45,15.9,1696600.0,0.0,1.0,16.0,16.0,15.45,15.9,1696600.0
2006-03-28,15.63,15.86,15.5,15.5,2280700.0,0.0,1.0,15.63,15.86,15.5,15.5,2280700.0
2006-03-27,15.4,15.65,15.36,15.62,1200200.0,0.0,1.0,15.4,15.65,15.36,15.62,1200200.0
2006-03-24,15.3,15.63,15.27,15.45,743200.0,0.0,1.0,15.3,15.63,15.27,15.45,743200.0
2006-03-23,14.88,15.52,14.8,15.37,1232100.0,0.0,1.0,14.88,15.52,14.8,15.37,1232100.0
2006-03-22,14.69,15.17,14.69,14.98,1356400.0,0.0,1.0,14.69,15.17,14.69,14.98,1356400.0
2006-03-21,14.53,15.07,14.48,14.79,1212400.0,0.0,1.0,14.53,15.07,14.48,14.79,1212400.0
2006-03-20,15.12,15.15,14.57,14.6,1714800.0,0.0,1.0,15.12,15.15,14.57,14.6,1714800.0
2006-03-17,15.05,15.37,14.9,15.16,5258400.0,0.0,1.0,15.05,15.37,14.9,15.16,5258400.0
2006-03-16,14.45,15.11,14.3,15.06,2523700.0,0.0,1.0,14.45,15.11,14.3,15.06,2523700.0
2006-03-15,13.62,14.55,13.51,14.37,1875000.0,0.0,1.0,13.62,14.55,13.51,14.37,1875000.0
2006-03-14,13.49,13.8,13.37,13.59,1224500.0,0.0,1.0,13.49,13.8,13.37,13.59,1224500.0
2006-03-13,13.7,13.92,13.5,13.53,423200.0,0.0,1.0,13.7,13.92,13.5,13.53,423200.0
2006-03-10,13.59,13.8,13.45,13.71,906300.0,0.0,1.0,13.59,13.8,13.45,13.71,906300.0
2006-03-09,13.73,13.87,13.5,13.54,510700.0,0.0,1.0,13.73,13.87,13.5,13.54,510700.0
2006-03-08,13.32,13.74,13.14,13.71,1122600.0,0.0,1.0,13.32,13.74,13.14,13.71,1122600.0
2006-03-07,13.54,13.7,13.22,13.31,946900.0,0.0,1.0,13.54,13.7,13.22,13.31,946900.0
2006-03-06,13.93,13.94,13.51,13.6,1822300.0,0.0,1.0,13.93,13.94,13.51,13.6,1822300.0
2006-03-03,13.8,14.1,13.71,13.94,748800.0,0.0,1.0,13.8,14.1,13.71,13.94,748800.0
2006-03-02,13.89,14.15,13.79,13.98,1540300.0,0.0,1.0,13.89,14.15,13.79,13.98,1540300.0
2006-03-01,13.69,13.97,13.67,13.96,1909500.0,0.0,1.0,13.69,13.97,13.67,13.96,1909500.0
2006-02-28,13.78,13.95,13.48,13.69,1468100.0,0.0,1.0,13.78,13.95,13.48,13.69,1468100.0
2006-02-27,13.65,13.83,13.41,13.81,1688100.0,0.0,1.0,13.65,13.83,13.41,13.81,1688100.0
2006-02-24,13.85,13.95,13.25,13.37,2770300.0,0.0,1.0,13.85,13.95,13.25,13.37,2770300.0
2006-02-23,12.54,13.06,12.43,12.85,3746600.0,0.0,1.0,12.54,13.06,12.43,12.85,3746600.0
2006-02-22,12.41,12.7,12.31,12.42,2425800.0,0.0,1.0,12.41,12.7,12.31,12.42,2425800.0
2006-02-21,12.69,12.79,12.3,12.31,1732100.0,0.0,1.0,12.69,12.79,12.3,12.31,1732100.0
2006-02-17,12.24,13.08,12.24,12.71,758200.0,0.0,1.0,12.24,13.08,12.24,12.71,758200.0
2006-02-16,13.19,13.33,12.8,13.0,980900.0,0.0,1.0,13.19,13.33,12.8,13.0,980900.0
2006-02-15,13.09,13.37,13.04,13.24,331600.0,0.0,1.0,13.09,13.37,13.04,13.24,331600.0
2006-02-14,12.9,13.32,12.73,13.13,485500.0,0.0,1.0,12.9,13.32,12.73,13.13,485500.0
2006-02-13,13.01,13.17,12.86,12.93,776600.0,0.0,1.0,13.01,13.17,12.86,12.93,776600.0
2006-02-10,13.3,13.36,12.75,13.03,662000.0,0.0,1.0,13.3,13.36,12.75,13.03,662000.0
2006-02-09,12.76,13.11,12.75,12.81,451200.0,0.0,1.0,12.76,13.11,12.75,12.81,451200.0
2006-02-08,12.39,12.82,12.3,12.75,1023000.0,0.0,1.0,12.39,12.82,12.3,12.75,1023000.0
2006-02-07,12.65,12.78,12.24,12.38,1215800.0,0.0,1.0,12.65,12.78,12.24,12.38,1215800.0
2006-02-06,12.75,12.88,12.48,12.62,879400.0,0.0,1.0,12.75,12.88,12.48,12.62,879400.0
2006-02-03,13.0,13.2,12.8,12.99,570700.0,0.0,1.0,13.0,13.2,12.8,12.99,570700.0
2006-02-02,13.5,13.54,13.06,13.13,551900.0,0.0,1.0,13.5,13.54,13.06,13.13,551900.0
2006-02-01,13.75,13.9,13.58,13.62,383500.0,0.0,1.0,13.75,13.9,13.58,13.62,383500.0
2006-01-31,13.75,13.95,13.62,13.85,402100.0,0.0,1.0,13.75,13.95,13.62,13.85,402100.0
2006-01-30,13.75,13.92,13.67,13.77,369900.0,0.0,1.0,13.75,13.92,13.67,13.77,369900.0
2006-01-27,13.64,13.94,13.5,13.78,457400.0,0.0,1.0,13.64,13.94,13.5,13.78,457400.0
2006-01-26,13.2,13.65,13.16,13.59,567600.0,0.0,1.0,13.2,13.65,13.16,13.59,567600.0
2006-01-25,13.28,13.32,12.98,13.17,516000.0,0.0,1.0,13.28,13.32,12.98,13.17,516000.0
2006-01-24,12.97,13.31,12.97,13.28,496700.0,0.0,1.0,12.97,13.31,12.97,13.28,496700.0
2006-01-23,12.95,13.12,12.82,12.98,753000.0,0.0,1.0,12.95,13.12,12.82,12.98,753000.0
2006-01-20,13.06,13.06,12.84,12.87,963700.0,0.0,1.0,13.06,13.06,12.84,12.87,963700.0
2006-01-19,12.88,13.02,12.53,12.96,839400.0,0.0,1.0,12.88,13.02,12.53,12.96,839400.0
2006-01-18,12.7,12.84,12.54,12.65,939900.0,0.0,1.0,12.7,12.84,12.54,12.65,939900.0
2006-01-17,13.09,13.1,12.58,12.84,921600.0,0.0,1.0,13.09,13.1,12.58,12.84,921600.0
2006-01-13,13.28,13.34,12.95,13.19,767800.0,0.0,1.0,13.28,13.34,12.95,13.19,767800.0
2006-01-12,13.49,13.67,13.06,13.26,736700.0,0.0,1.0,13.49,13.67,13.06,13.26,736700.0
2006-01-11,13.69,13.75,13.44,13.58,901500.0,0.0,1.0,13.69,13.75,13.44,13.58,901500.0
2006-01-10,13.77,13.9,13.65,13.71,948800.0,0.0,1.0,13.77,13.9,13.65,13.71,948800.0
2006-01-09,13.86,13.99,13.66,13.9,513800.0,0.0,1.0,13.86,13.99,13.66,13.9,513800.0
2006-01-06,13.97,14.08,13.79,13.89,520000.0,0.0,1.0,13.97,14.08,13.79,13.89,520000.0
2006-01-05,13.49,13.96,13.35,13.87,1038900.0,0.0,1.0,13.49,13.96,13.35,13.87,1038900.0
2006-01-04,13.36,13.7,13.23,13.47,636800.0,0.0,1.0,13.36,13.7,13.23,13.47,636800.0
2006-01-03,13.26,13.49,13.02,13.37,741700.0,0.0,1.0,13.26,13.49,13.02,13.37,741700.0
2005-12-30,13.28,13.33,13.07,13.17,511500.0,0.0,1.0,13.28,13.33,13.07,13.17,511500.0
2005-12-29,13.46,13.53,13.19,13.38,469500.0,0.0,1.0,13.46,13.53,13.19,13.38,469500.0
2005-12-28,13.29,13.44,13.05,13.43,379100.0,0.0,1.0,13.29,13.44,13.05,13.43,379100.0
2005-12-27,13.6,13.68,13.11,13.27,405600.0,0.0,1.0,13.6,13.68,13.11,13.27,405600.0
2005-12-23,13.69,13.83,13.51,13.58,325200.0,0.0,1.0,13.69,13.83,13.51,13.58,325200.0
2005-12-22,13.18,13.7,13.18,13.68,835800.0,0.0,1.0,13.18,13.7,13.18,13.68,835800.0
2005-12-21,12.95,13.26,12.95,13.19,471700.0,0.0,1.0,12.95,13.26,12.95,13.19,471700.0
2005-12-20,12.85,13.14,12.8,12.98,397100.0,0.0,1.0,12.85,13.14,12.8,12.98,397100.0
2005-12-19,13.21,13.22,12.82,12.9,432800.0,0.0,1.0,13.21,13.22,12.82,12.9,432800.0
2005-12-16,13.25,13.32,12.87,13.13,1192000.0,0.0,1.0,13.25,13.32,12.87,13.13,1192000.0
2005-12-15,13.51,13.56,13.19,13.28,718600.0,0.0,1.0,13.51,13.56,13.19,13.28,718600.0
2005-12-14,13.7,13.71,13.46,13.51,559300.0,0.0,1.0,13.7,13.71,13.46,13.51,559300.0
2005-12-13,13.82,13.84,13.52,13.68,737000.0,0.0,1.0,13.82,13.84,13.52,13.68,737000.0
2005-12-12,13.63,13.89,13.54,13.86,749200.0,0.0,1.0,13.63,13.89,13.54,13.86,749200.0
2005-12-09,13.54,13.76,13.49,13.64,266800.0,0.0,1.0,13.54,13.76,13.49,13.64,266800.0
2005-12-08,13.54,13.85,13.37,13.55,816600.0,0.0,1.0,13.54,13.85,13.37,13.55,816600.0
2005-12-07,14.15,14.18,13.66,13.69,636400.0,0.0,1.0,14.15,14.18,13.66,13.69,636400.0
2005-12-06,14.25,14.34,14.08,14.19,606900.0,0.0,1.0,14.25,14.34,14.08,14.19,606900.0
2005-12-05,14.6,14.63,14.07,14.16,532400.0,0.0,1.0,14.6,14.63,14.07,14.16,532400.0
2005-12-02,14.39,14.58,14.2,14.54,684200.0,0.0,1.0,14.39,14.58,14.2,14.54,684200.0
2005-12-01,14.25,14.5,14.05,14.49,636500.0,0.0,1.0,14.25,14.5,14.05,14.49,636500.0
2005-11-30,14.11,14.41,14.05,14.15,1062800.0,0.0,1.0,14.11,14.41,14.05,14.15,1062800.0
2005-11-29,14.25,14.46,14.06,14.12,671800.0,0.0,1.0,14.25,14.46,14.06,14.12,671800.0
2005-11-28,14.35,14.37,13.89,14.06,698100.0,0.0,1.0,14.35,14.37,13.89,14.06,698100.0
2005-11-25,14.3,14.36,14.14,14.27,174300.0,0.0,1.0,14.3,14.36,14.14,14.27,174300.0
2005-11-23,14.4,14.46,14.22,14.26,281700.0,0.0,1.0,14.4,14.46,14.22,14.26,281700.0
2005-11-22,14.24,14.5,14.09,14.45,1124200.0,0.0,1.0,14.24,14.5,14.09,14.45,1124200.0
2005-11-21,14.17,14.28,13.94,14.24,551400.0,0.0,1.0,14.17,14.28,13.94,14.24,551400.0
2005-11-18,14.18,14.18,13.92,14.09,821000.0,0.0,1.0,14.18,14.18,13.92,14.09,821000.0
2005-11-17,13.52,14.13,13.51,14.08,1723000.0,0.0,1.0,13.52,14.13,13.51,14.08,1723000.0
2005-11-16,13.5,13.59,13.15,13.43,1041100.0,0.0,1.0,13.5,13.59,13.15,13.43,1041100.0
2005-11-15,13.91,13.94,13.4,13.54,1866500.0,0.0,1.0,13.91,13.94,13.4,13.54,1866500.0
2005-11-14,13.89,14.48,13.78,13.94,2146600.0,0.0,1.0,13.89,14.48,13.78,13.94,2146600.0
2005-11-11,14.95,14.97,14.2,14.49,3097900.0,0.0,1.0,14.95,14.97,14.2,14.49,3097900.0
2005-11-10,13.46,14.37,13.41,14.34,3437500.0,0.0,1.0,13.46,14.37,13.41,14.34,3437500.0
2005-11-09,13.5,13.83,13.43,13.5,1848800.0,0.0,1.0,13.5,13.83,13.43,13.5,1848800.0
2005-11-08,13.53,13.65,13.25,13.52,4449600.0,0.0,1.0,13.53,13.65,13.25,13.52,4449600.0
2005-11-07,12.97,13.64,12.9,13.5,3942000.0,0.0,1.0,12.97,13.64,12.9,13.5,3942000.0
2005-11-04,12.1,13.22,12.0,12.79,5087400.0,0.0,1.0,12.1,13.22,12.0,12.79,5087400.0
2005-11-03,11.5,11.66,11.41,11.44,1337200.0,0.0,1.0,11.5,11.66,11.41,11.44,1337200.0
2005-11-02,11.42,11.56,11.33,11.48,942600.0,0.0,1.0,11.42,11.56,11.33,11.48,942600.0
2005-11-01,11.33,11.59,11.2,11.46,684300.0,0.0,1.0,11.33,11.59,11.2,11.46,684300.0
2005-10-31,11.37,11.55,11.37,11.49,765000.0,0.0,1.0,11.37,11.55,11.37,11.49,765000.0
2005-10-28,11.15,11.4,11.03,11.3,951200.0,0.0,1.0,11.15,11.4,11.03,11.3,951200.0
2005-10-27,11.21,11.21,10.91,11.02,776900.0,0.0,1.0,11.21,11.21,10.91,11.02,776900.0
2005-10-26,11.34,11.46,11.11,11.22,432900.0,0.0,1.0,11.34,11.46,11.11,11.22,432900.0
2005-10-25,11.42,11.44,11.2,11.39,480600.0,0.0,1.0,11.42,11.44,11.2,11.39,480600.0
2005-10-24,11.23,11.52,11.16,11.44,806600.0,0.0,1.0,11.23,11.52,11.16,11.44,806600.0
2005-10-21,11.22,11.46,11.08,11.23,527500.0,0.0,1.0,11.22,11.46,11.08,11.23,527500.0
2005-10-20,11.4,11.45,11.07,11.21,896000.0,0.0,1.0,11.4,11.45,11.07,11.21,896000.0
2005-10-19,11.3,11.5,11.25,11.5,1223400.0,0.0,1.0,11.3,11.5,11.25,11.5,1223400.0
2005-10-18,11.45,11.5,11.03,11.22,897100.0,0.0,1.0,11.45,11.5,11.03,11.22,897100.0
2005-10-17,11.46,11.6,11.28,11.46,785800.0,0.0,1.0,11.46,11.6,11.28,11.46,785800.0
2005-10-14,11.54,11.56,11.0,11.49,1489000.0,0.0,1.0,11.54,11.56,11.0,11.49,1489000.0
2005-10-13,11.86,11.86,11.32,11.5,1363000.0,0.0,1.0,11.86,11.86,11.32,11.5,1363000.0
2005-10-12,11.92,12.07,11.54,11.72,1356500.0,0.0,1.0,11.92,12.07,11.54,11.72,1356500.0
2005-10-11,11.93,12.27,11.85,11.93,1093700.0,0.0,1.0,11.93,12.27,11.85,11.93,1093700.0
2005-10-10,12.07,12.1,11.68,11.93,928100.0,0.0,1.0,12.07,12.1,11.68,11.93,928100.0
2005-10-07,11.8,12.13,11.32,12.03,1925500.0,0.0,1.0,11.8,12.13,11.32,12.03,1925500.0
2005-10-06,12.2,12.55,12.05,12.38,2408700.0,0.0,1.0,12.2,12.55,12.05,12.38,2408700.0
2005-10-05,12.55,12.65,12.1,12.25,2101400.0,0.0,1.0,12.55,12.65,12.1,12.25,2101400.0
2005-10-04,13.03,13.25,12.57,12.61,2898900.0,0.0,1.0,13.03,13.25,12.57,12.61,2898900.0
2005-10-03,12.81,13.29,12.81,13.2,2010000.0,0.0,1.0,12.81,13.29,12.81,13.2,2010000.0
2005-09-30,12.93,13.0,12.67,12.76,887800.0,0.0,1.0,12.93,13.0,12.67,12.76,887800.0
2005-09-29,12.65,13.03,12.51,12.95,972100.0,0.0,1.0,12.65,13.03,12.51,12.95,972100.0
2005-09-28,12.69,12.75,12.46,12.64,573500.0,0.0,1.0,12.69,12.75,12.46,12.64,573500.0
2005-09-27,12.76,12.95,12.51,12.68,859300.0,0.0,1.0,12.76,12.95,12.51,12.68,859300.0
2005-09-26,12.88,12.89,12.63,12.75,676200.0,0.0,1.0,12.88,12.89,12.63,12.75,676200.0
2005-09-23,12.56,12.85,12.51,12.72,1020900.0,0.0,1.0,12.56,12.85,12.51,12.72,1020900.0
2005-09-22,12.8,12.84,12.5,12.65,1754100.0,0.0,1.0,12.8,12.84,12.5,12.65,1754100.0
2005-09-21,12.1,12.66,12.05,12.51,1180000.0,0.0,1.0,12.1,12.66,12.05,12.51,1180000.0
2005-09-20,12.2,12.45,11.95,12.2,1704500.0,0.0,1.0,12.2,12.45,11.95,12.2,1704500.0
2005-09-19,12.5,12.51,12.15,12.23,685200.0,0.0,1.0,12.5,12.51,12.15,12.23,685200.0
2005-09-16,12.58,12.58,12.11,12.44,2425600.0,0.0,1.0,12.58,12.58,12.11,12.44,2425600.0
2005-09-15,12.48,12.73,12.44,12.5,612200.0,0.0,1.0,12.48,12.73,12.44,12.5,612200.0
2005-09-14,12.71,12.84,12.45,12.47,384300.0,0.0,1.0,12.71,12.84,12.45,12.47,384300.0
2005-09-13,12.91,12.92,12.59,12.73,808200.0,0.0,1.0,12.91,12.92,12.59,12.73,808200.0
2005-09-12,12.29,13.14,12.1,12.88,1679100.0,0.0,1.0,12.29,13.14,12.1,12.88,1679100.0
2005-09-09,12.2,12.3,12.08,12.2,1132300.0,0.0,1.0,12.2,12.3,12.08,12.2,1132300.0
2005-09-08,12.0,12.3,11.96,12.16,729600.0,0.0,1.0,12.0,12.3,11.96,12.16,729600.0
2005-09-07,12.1,12.29,11.96,12.1,1166300.0,0.0,1.0,12.1,12.29,11.96,12.1,1166300.0
2005-09-06,11.7,12.12,11.7,12.1,1115300.0,0.0,1.0,11.7,12.12,11.7,12.1,1115300.0
2005-09-02,12.1,12.1,11.6,11.74,1190400.0,0.0,1.0,12.1,12.1,11.6,11.74,1190400.0
2005-09-01,12.02,12.14,11.95,12.05,1528000.0,0.0,1.0,12.02,12.14,11.95,12.05,1528000.0
2005-08-31,11.85,12.09,11.84,12.0,3119600.0,0.0,1.0,11.85,12.09,11.84,12.0,3119600.0
2005-08-30,11.3,11.93,11.3,11.65,3612200.0,0.0,1.0,11.3,11.93,11.3,11.65,3612200.0
2005-08-29,10.52,11.22,10.52,11.15,1553800.0,0.0,1.0,10.52,11.22,10.52,11.15,1553800.0
2005-08-26,10.77,10.82,10.41,10.5,917800.0,0.0,1.0,10.77,10.82,10.41,10.5,917800.0
2005-08-25,10.78,10.89,10.69,10.78,424600.0,0.0,1.0,10.78,10.89,10.69,10.78,424600.0
2005-08-24,10.8,11.04,10.65,10.74,465300.0,0.0,1.0,10.8,11.04,10.65,10.74,465300.0
2005-08-23,11.02,11.07,10.66,10.83,420200.0,0.0,1.0,11.02,11.07,10.66,10.83,420200.0
2005-08-22,10.83,11.01,10.79,11.0,707800.0,0.0,1.0,10.83,11.01,10.79,11.0,707800.0
2005-08-19,10.6,10.91,10.5,10.81,875300.0,0.0,1.0,10.6,10.91,10.5,10.81,875300.0
2005-08-18,10.75,10.75,10.39,10.6,680300.0,0.0,1.0,10.75,10.75,10.39,10.6,680300.0
2005-08-17,10.66,11.02,10.66,10.85,594600.0,0.0,1.0,10.66,11.02,10.66,10.85,594600.0
2005-08-16,10.92,11.02,10.65,10.73,688100.0,0.0,1.0,10.92,11.02,10.65,10.73,688100.0
2005-08-15,10.82,11.07,10.77,11.01,1226400.0,0.0,1.0,10.82,11.07,10.77,11.01,1226400.0
2005-08-12,10.8,11.0,10.65,10.92,643300.0,0.0,1.0,10.8,11.0,10.65,10.92,643300.0
2005-08-11,10.65,10.96,10.64,10.85,785800.0,0.0,1.0,10.65,10.96,10.64,10.85,785800.0
2005-08-10,10.44,10.69,10.44,10.6,1122600.0,0.0,1.0,10.44,10.69,10.44,10.6,1122600.0
2005-08-09,10.48,10.54,10.34,10.44,539100.0,0.0,1.0,10.48,10.54,10.34,10.44,539100.0
2005-08-08,10.95,11.01,10.37,10.45,1080600.0,0.0,1.0,10.95,11.01,10.37,10.45,1080600.0
2005-08-05,10.98,11.12,10.58,10.87,1917400.0,0.0,1.0,10.98,11.12,10.58,10.87,1917400.0
2005-08-04,10.5,10.6,10.23,10.25,1054700.0,0.0,1.0,10.5,10.6,10.23,10.25,1054700.0
2005-08-03,10.6,10.75,10.36,10.73,813800.0,0.0,1.0,10.6,10.75,10.36,10.73,813800.0
2005-08-02,10.55,10.73,10.53,10.64,695300.0,0.0,1.0,10.55,10.73,10.53,10.64,695300.0
2005-08-01,10.52,10.64,10.38,10.58,691500.0,0.0,1.0,10.52,10.64,10.38,10.58,691500.0
2005-07-29,10.44,10.7,10.43,10.52,714600.0,0.0,1.0,10.44,10.7,10.43,10.52,714600.0
2005-07-28,10.38,10.54,10.32,10.4,733800.0,0.0,1.0,10.38,10.54,10.32,10.4,733800.0
2005-07-27,10.2,10.34,10.05,10.28,596300.0,0.0,1.0,10.2,10.34,10.05,10.28,596300.0
2005-07-26,9.95,10.25,9.95,10.13,780600.0,0.0,1.0,9.95,10.25,9.95,10.13,780600.0
2005-07-25,10.02,10.14,9.95,9.99,1038700.0,0.0,1.0,10.02,10.14,9.95,9.99,1038700.0
2005-07-22,9.68,10.18,9.68,10.07,1768900.0,0.0,1.0,9.68,10.18,9.68,10.07,1768900.0
2005-07-21,9.95,9.95,9.63,9.69,649000.0,0.0,1.0,9.95,9.95,9.63,9.69,649000.0
2005-07-20,9.65,9.93,9.57,9.89,845500.0,0.0,1.0,9.65,9.93,9.57,9.89,845500.0
2005-07-19,9.31,9.75,9.22,9.66,2234900.0,0.0,1.0,9.31,9.75,9.22,9.66,2234900.0
2005-07-18,9.08,9.4,9.08,9.3,1634700.0,0.0,1.0,9.08,9.4,9.08,9.3,1634700.0
2005-07-15,9.03,9.14,9.02,9.08,769400.0,0.0,1.0,9.03,9.14,9.02,9.08,769400.0
2005-07-14,9.12,9.17,9.07,9.1,945000.0,0.0,1.0,9.12,9.17,9.07,9.1,945000.0
2005-07-13,9.09,9.14,9.05,9.1,1552200.0,0.0,1.0,9.09,9.14,9.05,9.1,1552200.0
2005-07-12,9.05,9.17,9.02,9.09,1123700.0,0.0,1.0,9.05,9.17,9.02,9.09,1123700.0
2005-07-11,9.0,9.1,8.91,9.05,2361000.0,0.0,1.0,9.0,9.1,8.91,9.05,2361000.0
2005-07-08,8.9,9.03,8.9,8.99,1584400.0,0.0,1.0,8.9,9.03,8.9,8.99,1584400.0
2005-07-07,8.84,8.91,8.79,8.9,1685400.0,0.0,1.0,8.84,8.91,8.79,8.9,1685400.0
2005-07-06,8.94,8.98,8.81,8.88,759400.0,0.0,1.0,8.94,8.98,8.81,8.88,759400.0
2005-07-05,8.83,8.99,8.8,8.94,752400.0,0.0,1.0,8.83,8.99,8.8,8.94,752400.0
2005-07-01,8.85,8.89,8.78,8.85,609200.0,0.0,1.0,8.85,8.89,8.78,8.85,609200.0
2005-06-30,8.84,8.9,8.78,8.8,970200.0,0.0,1.0,8.84,8.9,8.78,8.8,970200.0
2005-06-29,8.74,8.85,8.72,8.8,1766400.0,0.0,1.0,8.74,8.85,8.72,8.8,1766400.0
2005-06-28,8.68,8.75,8.6,8.72,1482700.0,0.0,1.0,8.68,8.75,8.6,8.72,1482700.0
2005-06-27,8.82,8.83,8.5,8.59,1743900.0,0.0,1.0,8.82,8.83,8.5,8.59,1743900.0
2005-06-24,8.9,9.04,8.75,8.83,2956100.0,0.0,1.0,8.9,9.04,8.75,8.83,2956100.0
2005-06-23,9.13,9.2,8.81,8.89,1449100.0,0.0,1.0,9.13,9.2,8.81,8.89,1449100.0
2005-06-22,9.02,9.13,8.8,9.08,1934400.0,0.0,1.0,9.02,9.13,8.8,9.08,1934400.0
2005-06-21,9.3,9.3,8.9,8.97,1517500.0,0.0,1.0,9.3,9.3,8.9,8.97,1517500.0
2005-06-20,9.35,9.43,9.25,9.34,374000.0,0.0,1.0,9.35,9.43,9.25,9.34,374000.0
2005-06-17,9.57,9.64,9.44,9.44,1232500.0,0.0,1.0,9.57,9.64,9.44,9.44,1232500.0
2005-06-16,9.29,9.54,9.16,9.52,878200.0,0.0,1.0,9.29,9.54,9.16,9.52,878200.0
2005-06-15,9.08,9.29,9.08,9.25,695200.0,0.0,1.0,9.08,9.29,9.08,9.25,695200.0
2005-06-14,8.99,9.08,8.96,9.07,799600.0,0.0,1.0,8.99,9.08,8.96,9.07,799600.0
2005-06-13,8.9,9.1,8.9,9.01,758200.0,0.0,1.0,8.9,9.1,8.9,9.01,758200.0
2005-06-10,8.99,9.05,8.85,8.9,686700.0,0.0,1.0,8.99,9.05,8.85,8.9,686700.0
2005-06-09,8.86,9.04,8.8,8.97,626800.0,0.0,1.0,8.86,9.04,8.8,8.97,626800.0
2005-06-08,8.87,8.98,8.82,8.85,609900.0,0.0,1.0,8.87,8.98,8.82,8.85,609900.0
2005-06-07,8.9,9.0,8.84,8.85,682600.0,0.0,1.0,8.9,9.0,8.84,8.85,682600.0
2005-06-06,9.05,9.1,8.88,8.9,750900.0,0.0,1.0,9.05,9.1,8.88,8.9,750900.0
2005-06-03,9.45,9.52,9.12,9.18,736800.0,0.0,1.0,9.45,9.52,9.12,9.18,736800.0
2005-06-02,9.22,9.52,9.15,9.51,1390200.0,0.0,1.0,9.22,9.52,9.15,9.51,1390200.0
2005-06-01,9.0,9.24,8.95,9.22,886300.0,0.0,1.0,9.0,9.24,8.95,9.22,886300.0
2005-05-31,9.09,9.15,8.96,9.03,394600.0,0.0,1.0,9.09,9.15,8.96,9.03,394600.0
2005-05-27,9.07,9.19,9.0,9.05,433600.0,0.0,1.0,9.07,9.19,9.0,9.05,433600.0
2005-05-26,8.98,9.19,8.98,9.05,858300.0,0.0,1.0,8.98,9.19,8.98,9.05,858300.0
2005-05-25,8.94,9.02,8.76,8.92,896800.0,0.0,1.0,8.94,9.02,8.76,8.92,896800.0
2005-05-24,9.11,9.24,8.98,9.03,600100.0,0.0,1.0,9.11,9.24,8.98,9.03,600100.0
2005-05-23,9.22,9.36,9.05,9.26,1269500.0,0.0,1.0,9.22,9.36,9.05,9.26,1269500.0
2005-05-20,9.3,9.45,9.18,9.23,452300.0,0.0,1.0,9.3,9.45,9.18,9.23,452300.0
2005-05-19,8.81,9.38,8.81,9.36,1219600.0,0.0,1.0,8.81,9.38,8.81,9.36,1219600.0
2005-05-18,8.83,8.85,8.68,8.84,1202200.0,0.0,1.0,8.83,8.85,8.68,8.84,1202200.0
2005-05-17,8.68,8.88,8.61,8.85,726000.0,0.0,1.0,8.68,8.88,8.61,8.85,726000.0
2005-05-16,8.55,8.75,8.42,8.73,574200.0,0.0,1.0,8.55,8.75,8.42,8.73,574200.0
2005-05-13,8.66,8.7,8.3,8.43,2014900.0,0.0,1.0,8.66,8.7,8.3,8.43,2014900.0
2005-05-12,8.78,8.84,8.45,8.56,695800.0,0.0,1.0,8.78,8.84,8.45,8.56,695800.0
2005-05-11,8.57,8.75,8.57,8.72,2372200.0,0.0,1.0,8.57,8.75,8.57,8.72,2372200.0
2005-05-10,8.9,8.93,8.55,8.55,517500.0,0.0,1.0,8.9,8.93,8.55,8.55,517500.0
2005-05-09,8.69,9.0,8.67,9.0,960100.0,0.0,1.0,8.69,9.0,8.67,9.0,960100.0
2005-05-06,8.61,8.8,8.4,8.75,633000.0,0.0,1.0,8.61,8.8,8.4,8.75,633000.0
2005-05-05,8.05,8.65,8.05,8.6,1465100.0,0.0,1.0,8.05,8.65,8.05,8.6,1465100.0
2005-05-04,8.06,8.17,8.03,8.04,375500.0,0.0,1.0,8.06,8.17,8.03,8.04,375500.0
2005-05-03,7.99,8.13,7.98,8.07,665800.0,0.0,1.0,7.99,8.13,7.98,8.07,665800.0
2005-05-02,7.97,8.02,7.85,8.01,382500.0,0.0,1.0,7.97,8.02,7.85,8.01,382500.0
2005-04-29,7.78,7.99,7.7,7.98,340900.0,0.0,1.0,7.78,7.99,7.7,7.98,340900.0
2005-04-28,7.86,7.86,7.7,7.78,682800.0,0.0,1.0,7.86,7.86,7.7,7.78,682800.0
2005-04-27,7.76,7.89,7.65,7.85,453600.0,0.0,1.0,7.76,7.89,7.65,7.85,453600.0
2005-04-26,7.86,8.05,7.76,7.77,483400.0,0.0,1.0,7.86,8.05,7.76,7.77,483400.0
2005-04-25,7.81,7.94,7.75,7.93,245200.0,0.0,1.0,7.81,7.94,7.75,7.93,245200.0
2005-04-22,7.83,7.98,7.72,7.81,419100.0,0.0,1.0,7.83,7.98,7.72,7.81,419100.0
2005-04-21,7.84,8.0,7.84,7.89,334200.0,0.0,1.0,7.84,8.0,7.84,7.89,334200.0
2005-04-20,7.92,8.05,7.76,7.77,561600.0,0.0,1.0,7.92,8.05,7.76,7.77,561600.0
2005-04-19,7.82,8.03,7.8,7.96,372600.0,0.0,1.0,7.82,8.03,7.8,7.96,372600.0
2005-04-18,7.57,7.81,7.55,7.8,430300.0,0.0,1.0,7.57,7.81,7.55,7.8,430300.0
2005-04-15,7.84,7.87,7.65,7.65,228500.0,0.0,1.0,7.84,7.87,7.65,7.65,228500.0
2005-04-14,7.89,8.05,7.73,7.83,343500.0,0.0,1.0,7.89,8.05,7.73,7.83,343500.0
2005-04-13,8.26,8.28,7.87,7.9,657500.0,0.0,1.0,8.26,8.28,7.87,7.9,657500.0
2005-04-12,7.9,8.36,7.85,8.26,1451900.0,0.0,1.0,7.9,8.36,7.85,8.26,1451900.0
2005-04-11,7.87,8.01,7.81,7.96,401600.0,0.0,1.0,7.87,8.01,7.81,7.96,401600.0
2005-04-08,7.82,7.97,7.75,7.9,478100.0,0.0,1.0,7.82,7.97,7.75,7.9,478100.0
2005-04-07,7.65,7.87,7.59,7.87,508300.0,0.0,1.0,7.65,7.87,7.59,7.87,508300.0
2005-04-06,7.64,7.7,7.6,7.66,452200.0,0.0,1.0,7.64,7.7,7.6,7.66,452200.0
2005-04-05,7.63,7.8,7.57,7.66,233600.0,0.0,1.0,7.63,7.8,7.57,7.66,233600.0
2005-04-04,7.57,7.75,7.51,7.65,367500.0,0.0,1.0,7.57,7.75,7.51,7.65,367500.0
2005-04-01,7.68,7.74,7.5,7.6,398200.0,0.0,1.0,7.68,7.74,7.5,7.6,398200.0
2005-03-31,7.59,7.63,7.47,7.63,508100.0,0.0,1.0,7.59,7.63,7.47,7.63,508100.0
2005-03-30,7.52,7.65,7.5,7.64,310600.0,0.0,1.0,7.52,7.65,7.5,7.64,310600.0
2005-03-29,7.57,7.73,7.5,7.54,484000.0,0.0,1.0,7.57,7.73,7.5,7.54,484000.0
2005-03-28,7.57,7.7,7.51,7.63,425000.0,0.0,1.0,7.57,7.7,7.51,7.63,425000.0
2005-03-24,7.5,7.67,7.5,7.5,400300.0,0.0,1.0,7.5,7.67,7.5,7.5,400300.0
2005-03-23,7.71,7.76,7.5,7.52,496100.0,0.0,1.0,7.71,7.76,7.5,7.52,496100.0
2005-03-22,7.49,7.9,7.45,7.77,754000.0,0.0,1.0,7.49,7.9,7.45,7.77,754000.0
2005-03-21,7.51,7.56,7.47,7.5,505300.0,0.0,1.0,7.51,7.56,7.47,7.5,505300.0
2005-03-18,7.51,7.58,7.4,7.52,1385200.0,0.0,1.0,7.51,7.58,7.4,7.52,1385200.0
2005-03-17,7.32,7.57,7.25,7.5,590600.0,0.0,1.0,7.32,7.57,7.25,7.5,590600.0
2005-03-16,7.3,7.45,7.26,7.36,332300.0,0.0,1.0,7.3,7.45,7.26,7.36,332300.0
2005-03-15,7.3,7.49,7.25,7.34,1029800.0,0.0,1.0,7.3,7.49,7.25,7.34,1029800.0
2005-03-14,7.5,7.58,7.38,7.44,399500.0,0.0,1.0,7.5,7.58,7.38,7.44,399500.0
2005-03-11,7.35,7.55,7.34,7.53,800100.0,0.0,1.0,7.35,7.55,7.34,7.53,800100.0
2005-03-10,7.48,7.62,7.31,7.36,839600.0,0.0,1.0,7.48,7.62,7.31,7.36,839600.0
2005-03-09,7.35,7.6,7.31,7.48,848800.0,0.0,1.0,7.35,7.6,7.31,7.48,848800.0
2005-03-08,7.64,7.66,7.38,7.39,493300.0,0.0,1.0,7.64,7.66,7.38,7.39,493300.0
2005-03-07,7.61,7.74,7.59,7.64,921700.0,0.0,1.0,7.61,7.74,7.59,7.64,921700.0
2005-03-04,7.63,7.75,7.55,7.6,1119600.0,0.0,1.0,7.63,7.75,7.55,7.6,1119600.0
2005-03-03,7.65,7.72,7.55,7.62,606600.0,0.0,1.0,7.65,7.72,7.55,7.62,606600.0
2005-03-02,7.47,7.71,7.46,7.66,567000.0,0.0,1.0,7.47,7.71,7.46,7.66,567000.0
2005-03-01,7.85,7.86,7.3,7.57,1045900.0,0.0,1.0,7.85,7.86,7.3,7.57,1045900.0
2005-02-28,7.97,8.05,7.75,7.85,325600.0,0.0,1.0,7.97,8.05,7.75,7.85,325600.0
2005-02-25,7.86,8.0,7.75,8.0,477700.0,0.0,1.0,7.86,8.0,7.75,8.0,477700.0
2005-02-24,7.99,8.07,7.74,7.86,790300.0,0.0,1.0,7.99,8.07,7.74,7.86,790300.0
2005-02-23,8.02,8.17,7.97,8.02,382100.0,0.0,1.0,8.02,8.17,7.97,8.02,382100.0
2005-02-22,8.09,8.14,7.96,7.96,541100.0,0.0,1.0,8.09,8.14,7.96,7.96,541100.0
2005-02-18,8.12,8.2,8.03,8.16,316500.0,0.0,1.0,8.12,8.2,8.03,8.16,316500.0
2005-02-17,8.47,8.48,8.1,8.1,748500.0,0.0,1.0,8.47,8.48,8.1,8.1,748500.0
2005-02-16,8.2,8.47,8.2,8.4,533200.0,0.0,1.0,8.2,8.47,8.2,8.4,533200.0
2005-02-15,8.2,8.36,8.15,8.21,659400.0,0.0,1.0,8.2,8.36,8.15,8.21,659400.0
2005-02-14,8.65,9.0,8.0,8.15,2160800.0,0.0,1.0,8.65,9.0,8.0,8.15,2160800.0
2005-02-11,7.55,7.78,7.49,7.74,832500.0,0.0,1.0,7.55,7.78,7.49,7.74,832500.0
2005-02-10,7.59,7.68,7.45,7.63,244700.0,0.0,1.0,7.59,7.68,7.45,7.63,244700.0
2005-02-09,7.85,7.9,7.63,7.65,482300.0,0.0,1.0,7.85,7.9,7.63,7.65,482300.0
2005-02-08,7.69,7.83,7.67,7.78,238700.0,0.0,1.0,7.69,7.83,7.67,7.78,238700.0
2005-02-07,7.59,7.71,7.56,7.67,358700.0,0.0,1.0,7.59,7.71,7.56,7.67,358700.0
2005-02-04,7.32,7.59,7.3,7.59,384300.0,0.0,1.0,7.32,7.59,7.3,7.59,384300.0
2005-02-03,7.49,7.49,7.33,7.39,333200.0,0.0,1.0,7.49,7.49,7.33,7.39,333200.0
2005-02-02,7.42,7.54,7.32,7.54,344500.0,0.0,1.0,7.42,7.54,7.32,7.54,344500.0
2005-02-01,7.45,7.52,7.35,7.42,431700.0,0.0,1.0,7.45,7.52,7.35,7.42,431700.0
2005-01-31,7.44,7.51,7.36,7.48,247200.0,0.0,1.0,7.44,7.51,7.36,7.48,247200.0
2005-01-28,7.37,7.46,7.23,7.33,326900.0,0.0,1.0,7.37,7.46,7.23,7.33,326900.0
2005-01-27,7.41,7.52,7.3,7.4,445100.0,0.0,1.0,7.41,7.52,7.3,7.4,445100.0
2005-01-26,7.4,7.52,7.35,7.46,170100.0,0.0,1.0,7.4,7.52,7.35,7.46,170100.0
2005-01-25,8.0,8.0,7.27,7.35,450900.0,0.0,1.0,8.0,8.0,7.27,7.35,450900.0
2005-01-24,7.3,7.34,7.2,7.31,403700.0,0.0,1.0,7.3,7.34,7.2,7.31,403700.0
2005-01-21,7.48,7.58,7.18,7.25,602500.0,0.0,1.0,7.48,7.58,7.18,7.25,602500.0
2005-01-20,7.4,7.58,7.32,7.5,481500.0,0.0,1.0,7.4,7.58,7.32,7.5,481500.0
2005-01-19,7.54,7.68,7.49,7.5,195600.0,0.0,1.0,7.54,7.68,7.49,7.5,195600.0
2005-01-18,7.58,7.74,7.47,7.64,377700.0,0.0,1.0,7.58,7.74,7.47,7.64,377700.0
2005-01-14,7.5,7.59,7.32,7.59,380500.0,0.0,1.0,7.5,7.59,7.32,7.59,380500.0
2005-01-13,7.4,7.58,7.36,7.44,582200.0,0.0,1.0,7.4,7.58,7.36,7.44,582200.0
2005-01-12,7.49,7.54,7.3,7.43,585800.0,0.0,1.0,7.49,7.54,7.3,7.43,585800.0
2005-01-11,7.57,7.57,7.4,7.5,672900.0,0.0,1.0,7.57,7.57,7.4,7.5,672900.0
2005-01-10,7.74,7.83,7.5,7.62,476000.0,0.0,1.0,7.74,7.83,7.5,7.62,476000.0
2005-01-07,7.77,7.83,7.58,7.74,730700.0,0.0,1.0,7.77,7.83,7.58,7.74,730700.0
2005-01-06,7.8,7.98,7.73,7.78,598900.0,0.0,1.0,7.8,7.98,7.73,7.78,598900.0
2005-01-05,7.7,7.87,7.6,7.8,1132200.0,0.0,1.0,7.7,7.87,7.6,7.8,1132200.0
2005-01-04,8.05,8.15,7.68,7.7,1338000.0,0.0,1.0,8.05,8.15,7.68,7.7,1338000.0
2005-01-03,7.97,8.2,7.96,8.06,1514900.0,0.0,1.0,7.97,8.2,7.96,8.06,1514900.0
2004-12-31,8.16,8.2,8.0,8.0,154400.0,0.0,1.0,8.16,8.2,8.0,8.0,154400.0
2004-12-30,8.17,8.29,8.15,8.2,431800.0,0.0,1.0,8.17,8.29,8.15,8.2,431800.0
2004-12-29,8.15,8.22,8.05,8.15,325000.0,0.0,1.0,8.15,8.22,8.05,8.15,325000.0
2004-12-28,7.95,8.17,7.9,8.15,321800.0,0.0,1.0,7.95,8.17,7.9,8.15,321800.0
2004-12-27,7.92,8.0,7.81,7.95,270600.0,0.0,1.0,7.92,8.0,7.81,7.95,270600.0
2004-12-23,8.01,8.02,7.85,7.95,214600.0,0.0,1.0,8.01,8.02,7.85,7.95,214600.0
2004-12-22,7.8,8.01,7.79,8.0,540000.0,0.0,1.0,7.8,8.01,7.79,8.0,540000.0
2004-12-21,7.75,7.82,7.72,7.8,383900.0,0.0,1.0,7.75,7.82,7.72,7.8,383900.0
2004-12-20,7.95,7.95,7.65,7.66,408000.0,0.0,1.0,7.95,7.95,7.65,7.66,408000.0
2004-12-17,7.85,7.95,7.76,7.9,573800.0,0.0,1.0,7.85,7.95,7.76,7.9,573800.0
2004-12-16,7.65,7.99,7.65,7.95,837800.0,0.0,1.0,7.65,7.99,7.65,7.95,837800.0
2004-12-15,7.67,7.8,7.6,7.74,639400.0,0.0,1.0,7.67,7.8,7.6,7.74,639400.0
2004-12-14,7.6,7.75,7.6,7.7,530200.0,0.0,1.0,7.6,7.75,7.6,7.7,530200.0
2004-12-13,7.59,7.65,7.41,7.6,906100.0,0.0,1.0,7.59,7.65,7.41,7.6,906100.0
2004-12-10,7.15,7.56,7.12,7.5,1953000.0,0.0,1.0,7.15,7.56,7.12,7.5,1953000.0
2004-12-09,7.7,7.75,7.53,7.67,408700.0,0.0,1.0,7.7,7.75,7.53,7.67,408700.0
2004-12-08,7.85,7.85,7.68,7.8,604600.0,0.0,1.0,7.85,7.85,7.68,7.8,604600.0
2004-12-07,8.14,8.21,7.84,7.86,658000.0,0.0,1.0,8.14,8.21,7.84,7.86,658000.0
2004-12-06,8.1,8.18,7.99,8.14,1001600.0,0.0,1.0,8.1,8.18,7.99,8.14,1001600.0
2004-12-03,7.98,8.2,7.94,8.2,1021800.0,0.0,1.0,7.98,8.2,7.94,8.2,1021800.0
2004-12-02,8.04,8.07,7.89,7.99,847300.0,0.0,1.0,8.04,8.07,7.89,7.99,847300.0
2004-12-01,7.7,8.07,7.7,8.06,1189000.0,0.0,1.0,7.7,8.07,7.7,8.06,1189000.0
2004-11-30,7.7,7.83,7.65,7.71,721100.0,0.0,1.0,7.7,7.83,7.65,7.71,721100.0
2004-11-29,7.81,7.82,7.56,7.73,488400.0,0.0,1.0,7.81,7.82,7.56,7.73,488400.0
2004-11-26,7.61,7.8,7.61,7.72,128800.0,0.0,1.0,7.61,7.8,7.61,7.72,128800.0
2004-11-24,7.51,7.67,7.51,7.64,517600.0,0.0,1.0,7.51,7.67,7.51,7.64,517600.0
2004-11-23,7.6,7.6,7.47,7.52,1095700.0,0.0,1.0,7.6,7.6,7.47,7.52,1095700.0
2004-11-22,7.59,7.74,7.57,7.65,1435700.0,0.0,1.0,7.59,7.74,7.57,7.65,1435700.0
2004-11-19,7.66,7.69,7.57,7.67,693900.0,0.0,1.0,7.66,7.69,7.57,7.67,693900.0
2004-11-18,7.68,7.75,7.57,7.65,572600.0,0.0,1.0,7.68,7.75,7.57,7.65,572600.0
2004-11-17,7.85,7.94,7.57,7.72,1056000.0,0.0,1.0,7.85,7.94,7.57,7.72,1056000.0
2004-11-16,7.7,7.91,7.65,7.85,720600.0,0.0,1.0,7.7,7.91,7.65,7.85,720600.0
2004-11-15,7.48,7.8,7.42,7.79,608800.0,0.0,1.0,7.48,7.8,7.42,7.79,608800.0
2004-11-12,7.44,7.58,7.3,7.58,433300.0,0.0,1.0,7.44,7.58,7.3,7.58,433300.0
2004-11-11,7.31,7.44,7.18,7.44,373100.0,0.0,1.0,7.31,7.44,7.18,7.44,373100.0
2004-11-10,7.35,7.4,7.25,7.34,345900.0,0.0,1.0,7.35,7.4,7.25,7.34,345900.0
2004-11-09,7.53,7.58,7.35,7.38,723600.0,0.0,1.0,7.53,7.58,7.35,7.38,723600.0
2004-11-08,7.2,7.58,7.16,7.46,930800.0,0.0,1.0,7.2,7.58,7.16,7.46,930800.0
2004-11-05,6.9,7.24,6.9,7.2,671200.0,0.0,1.0,6.9,7.24,6.9,7.2,671200.0
2004-11-04,6.64,6.9,6.54,6.83,532200.0,0.0,1.0,6.64,6.9,6.54,6.83,532200.0
2004-11-03,6.95,7.0,6.54,6.66,1285200.0,0.0,1.0,6.95,7.0,6.54,6.66,1285200.0
2004-11-02,6.98,6.98,6.75,6.85,435700.0,0.0,1.0,6.98,6.98,6.75,6.85,435700.0
2004-11-01,6.72,6.95,6.67,6.94,410300.0,0.0,1.0,6.72,6.95,6.67,6.94,410300.0
2004-10-29,6.54,6.77,6.54,6.72,306900.0,0.0,1.0,6.54,6.77,6.54,6.72,306900.0
2004-10-28,6.6,6.68,6.47,6.63,322000.0,0.0,1.0,6.6,6.68,6.47,6.63,322000.0
2004-10-27,6.51,6.6,6.5,6.6,575100.0,0.0,1.0,6.51,6.6,6.5,6.6,575100.0
2004-10-26,6.58,6.59,6.4,6.46,339600.0,0.0,1.0,6.58,6.59,6.4,6.46,339600.0
2004-10-25,6.34,6.55,6.3,6.53,296000.0,0.0,1.0,6.34,6.55,6.3,6.53,296000.0
2004-10-22,6.68,6.68,6.37,6.4,334900.0,0.0,1.0,6.68,6.68,6.37,6.4,334900.0
2004-10-21,6.34,6.75,6.25,6.6,657700.0,0.0,1.0,6.34,6.75,6.25,6.6,657700.0
2004-10-20,6.35,6.44,6.27,6.39,377800.0,0.0,1.0,6.35,6.44,6.27,6.39,377800.0
2004-10-19,6.62,6.66,6.39,6.45,288800.0,0.0,1.0,6.62,6.66,6.39,6.45,288800.0
2004-10-18,6.6,6.66,6.46,6.65,438100.0,0.0,1.0,6.6,6.66,6.46,6.65,438100.0
2004-10-15,6.18,6.73,6.07,6.68,1698000.0,0.0,1.0,6.18,6.73,6.07,6.68,1698000.0
2004-10-14,6.28,6.28,6.09,6.17,352400.0,0.0,1.0,6.28,6.28,6.09,6.17,352400.0
2004-10-13,6.27,6.35,6.22,6.27,831200.0,0.0,1.0,6.27,6.35,6.22,6.27,831200.0
2004-10-12,6.34,6.39,6.21,6.29,666500.0,0.0,1.0,6.34,6.39,6.21,6.29,666500.0
2004-10-11,6.4,6.44,6.32,6.34,276900.0,0.0,1.0,6.4,6.44,6.32,6.34,276900.0
2004-10-08,6.5,6.6,6.32,6.35,590900.0,0.0,1.0,6.5,6.6,6.32,6.35,590900.0
2004-10-07,6.56,6.71,6.49,6.54,828800.0,0.0,1.0,6.56,6.71,6.49,6.54,828800.0
2004-10-06,6.32,6.67,6.28,6.56,1089500.0,0.0,1.0,6.32,6.67,6.28,6.56,1089500.0
2004-10-05,6.2,6.41,6.2,6.37,949100.0,0.0,1.0,6.2,6.41,6.2,6.37,949100.0
2004-10-04,6.16,6.4,6.05,6.3,1402100.0,0.0,1.0,6.16,6.4,6.05,6.3,1402100.0
2004-10-01,5.7,6.2,5.7,6.0,6345000.0,0.0,1.0,5.7,6.2,5.7,6.0,6345000.0
2004-09-30,6.02,6.22,5.9,6.05,1010900.0,0.0,1.0,6.02,6.22,5.9,6.05,1010900.0
2004-09-29,6.31,6.31,5.93,6.02,1089400.0,0.0,1.0,6.31,6.31,5.93,6.02,1089400.0
2004-09-28,5.97,6.35,5.97,6.31,1531800.0,0.0,1.0,5.97,6.35,5.97,6.31,1531800.0
2004-09-27,6.0,6.04,5.89,5.97,574600.0,0.0,1.0,6.0,6.04,5.89,5.97,574600.0
2004-09-24,6.18,6.25,6.04,6.06,567900.0,0.0,1.0,6.18,6.25,6.04,6.06,567900.0
2004-09-23,6.44,6.5,6.19,6.23,1169000.0,0.0,1.0,6.44,6.5,6.19,6.23,1169000.0
2004-09-22,6.97,6.97,6.2,6.44,1184700.0,0.0,1.0,6.97,6.97,6.2,6.44,1184700.0
2004-09-21,7.04,7.14,6.85,7.05,541500.0,0.0,1.0,7.04,7.14,6.85,7.05,541500.0
2004-09-20,7.13,7.27,7.13,7.24,1394300.0,0.0,1.0,7.13,7.27,7.13,7.24,1394300.0
2004-09-17,7.45,7.45,7.11,7.19,648400.0,0.0,1.0,7.45,7.45,7.11,7.19,648400.0
2004-09-16,7.0,7.26,7.0,7.2,432000.0,0.0,1.0,7.0,7.26,7.0,7.2,432000.0
2004-09-15,6.97,7.14,6.89,7.02,430600.0,0.0,1.0,6.97,7.14,6.89,7.02,430600.0
2004-09-14,7.16,7.19,6.93,7.04,213300.0,0.0,1.0,7.16,7.19,6.93,7.04,213300.0
2004-09-13,7.05,7.2,7.05,7.14,262700.0,0.0,1.0,7.05,7.2,7.05,7.14,262700.0
2004-09-10,6.92,7.15,6.78,7.06,348000.0,0.0,1.0,6.92,7.15,6.78,7.06,348000.0
2004-09-09,6.69,7.1,6.69,7.02,667000.0,0.0,1.0,6.69,7.1,6.69,7.02,667000.0
2004-09-08,6.87,6.94,6.54,6.66,382200.0,0.0,1.0,6.87,6.94,6.54,6.66,382200.0
2004-09-07,6.95,6.96,6.76,6.87,267100.0,0.0,1.0,6.95,6.96,6.76,6.87,267100.0
2004-09-03,6.71,6.81,6.5,6.68,189500.0,0.0,1.0,6.71,6.81,6.5,6.68,189500.0
2004-09-02,6.47,6.76,6.47,6.72,210100.0,0.0,1.0,6.47,6.76,6.47,6.72,210100.0
2004-09-01,6.35,6.64,6.35,6.55,299800.0,0.0,1.0,6.35,6.64,6.35,6.55,299800.0
2004-08-31,6.22,6.67,6.22,6.42,714000.0,0.0,1.0,6.22,6.67,6.22,6.42,714000.0
2004-08-30,6.3,6.41,6.25,6.25,320100.0,0.0,1.0,6.3,6.41,6.25,6.25,320100.0
2004-08-27,6.45,6.49,6.21,6.34,615900.0,0.0,1.0,6.45,6.49,6.21,6.34,615900.0
2004-08-26,6.69,6.71,6.44,6.49,287300.0,0.0,1.0,6.69,6.71,6.44,6.49,287300.0
2004-08-25,6.69,6.75,6.59,6.68,342200.0,0.0,1.0,6.69,6.75,6.59,6.68,342200.0
2004-08-24,6.62,6.69,6.47,6.69,593900.0,0.0,1.0,6.62,6.69,6.47,6.69,593900.0
2004-08-23,6.65,6.82,6.52,6.62,591400.0,0.0,1.0,6.65,6.82,6.52,6.62,591400.0
2004-08-20,6.51,6.79,6.46,6.56,393200.0,0.0,1.0,6.51,6.79,6.46,6.56,393200.0
2004-08-19,6.29,6.59,6.2,6.53,488200.0,0.0,1.0,6.29,6.59,6.2,6.53,488200.0
2004-08-18,6.12,6.4,6.06,6.39,536000.0,0.0,1.0,6.12,6.4,6.06,6.39,536000.0
2004-08-17,6.2,6.38,6.1,6.19,416700.0,0.0,1.0,6.2,6.38,6.1,6.19,416700.0
2004-08-16,6.04,6.29,6.04,6.2,151000.0,0.0,1.0,6.04,6.29,6.04,6.2,151000.0
2004-08-13,6.15,6.15,5.91,6.01,397900.0,0.0,1.0,6.15,6.15,5.91,6.01,397900.0
2004-08-12,6.0,6.16,5.93,6.12,470900.0,0.0,1.0,6.0,6.16,5.93,6.12,470900.0
2004-08-11,6.25,6.25,5.95,6.08,420500.0,0.0,1.0,6.25,6.25,5.95,6.08,420500.0
2004-08-10,6.06,6.25,6.05,6.25,419500.0,0.0,1.0,6.06,6.25,6.05,6.25,419500.0
2004-08-09,6.1,6.13,6.0,6.05,409400.0,0.0,1.0,6.1,6.13,6.0,6.05,409400.0
2004-08-06,6.03,6.26,5.97,6.11,584900.0,0.0,1.0,6.03,6.26,5.97,6.11,584900.0
2004-08-05,6.12,6.2,6.0,6.13,358300.0,0.0,1.0,6.12,6.2,6.0,6.13,358300.0
2004-08-04,6.12,6.26,5.9,6.15,468500.0,0.0,1.0,6.12,6.26,5.9,6.15,468500.0
2004-08-03,6.38,6.38,6.11,6.11,506000.0,0.0,1.0,6.38,6.38,6.11,6.11,506000.0
2004-08-02,6.25,6.4,6.17,6.38,447600.0,0.0,1.0,6.25,6.4,6.17,6.38,447600.0
2004-07-30,6.26,6.38,6.18,6.28,421900.0,0.0,1.0,6.26,6.38,6.18,6.28,421900.0
2004-07-29,6.0,6.27,5.94,6.26,647700.0,0.0,1.0,6.0,6.27,5.94,6.26,647700.0
2004-07-28,5.88,6.12,5.86,6.0,641200.0,0.0,1.0,5.88,6.12,5.86,6.0,641200.0
2004-07-27,5.7,6.1,5.7,6.07,823000.0,0.0,1.0,5.7,6.1,5.7,6.07,823000.0
2004-07-26,5.59,5.87,5.27,5.7,1366700.0,0.0,1.0,5.59,5.87,5.27,5.7,1366700.0
2004-07-23,5.88,5.9,5.66,5.76,633700.0,0.0,1.0,5.88,5.9,5.66,5.76,633700.0
2004-07-22,5.78,6.03,5.78,5.96,397200.0,0.0,1.0,5.78,6.03,5.78,5.96,397200.0
2004-07-21,6.06,6.12,5.86,5.86,422700.0,0.0,1.0,6.06,6.12,5.86,5.86,422700.0
2004-07-20,5.9,6.06,5.84,6.06,623800.0,0.0,1.0,5.9,6.06,5.84,6.06,623800.0
2004-07-19,5.83,6.0,5.73,5.93,492100.0,0.0,1.0,5.83,6.0,5.73,5.93,492100.0
2004-07-16,6.0,6.07,5.8,5.85,720800.0,0.0,1.0,6.0,6.07,5.8,5.85,720800.0
2004-07-15,5.82,6.02,5.73,5.94,483400.0,0.0,1.0,5.82,6.02,5.73,5.94,483400.0
2004-07-14,5.8,5.9,5.71,5.81,439700.0,0.0,1.0,5.8,5.9,5.71,5.81,439700.0
2004-07-13,5.87,5.91,5.82,5.84,677500.0,0.0,1.0,5.87,5.91,5.82,5.84,677500.0
2004-07-12,5.75,5.91,5.66,5.9,426600.0,0.0,1.0,5.75,5.91,5.66,5.9,426600.0
2004-07-09,5.88,5.95,5.75,5.83,697200.0,0.0,1.0,5.88,5.95,5.75,5.83,697200.0
2004-07-08,5.9,5.99,5.8,5.88,916700.0,0.0,1.0,5.9,5.99,5.8,5.88,916700.0
2004-07-07,5.93,5.96,5.76,5.9,680900.0,0.0,1.0,5.93,5.96,5.76,5.9,680900.0
2004-07-06,6.19,6.24,5.92,5.92,342700.0,0.0,1.0,6.19,6.24,5.92,5.92,342700.0
2004-07-02,6.17,6.25,6.09,6.19,453700.0,0.0,1.0,6.17,6.25,6.09,6.19,453700.0
2004-07-01,6.29,6.3,6.05,6.2,698800.0,0.0,1.0,6.29,6.3,6.05,6.2,698800.0
2004-06-30,6.05,6.22,6.0,6.22,1057400.0,0.0,1.0,6.05,6.22,6.0,6.22,1057400.0
2004-06-29,5.93,6.21,5.92,6.21,705200.0,0.0,1.0,5.93,6.21,5.92,6.21,705200.0
2004-06-28,6.45,6.45,6.0,6.01,762900.0,0.0,1.0,6.45,6.45,6.0,6.01,762900.0
2004-06-25,6.05,6.46,5.93,6.46,861700.0,0.0,1.0,6.05,6.46,5.93,6.46,861700.0
2004-06-24,6.15,6.6,6.02,6.04,1081200.0,0.0,1.0,6.15,6.6,6.02,6.04,1081200.0
2004-06-23,5.51,6.16,5.45,5.86,1092400.0,0.0,1.0,5.51,6.16,5.45,5.86,1092400.0
2004-06-22,5.38,5.55,5.25,5.49,910200.0,0.0,1.0,5.38,5.55,5.25,5.49,910200.0
2004-06-21,5.4,5.43,5.27,5.37,215600.0,0.0,1.0,5.4,5.43,5.27,5.37,215600.0
2004-06-18,5.42,5.58,5.39,5.43,420400.0,0.0,1.0,5.42,5.58,5.39,5.43,420400.0
2004-06-17,5.26,5.53,5.21,5.48,669000.0,0.0,1.0,5.26,5.53,5.21,5.48,669000.0
2004-06-16,5.27,5.41,5.2,5.25,554100.0,0.0,1.0,5.27,5.41,5.2,5.25,554100.0
2004-06-15,5.28,5.33,5.15,5.26,1319000.0,0.0,1.0,5.28,5.33,5.15,5.26,1319000.0
2004-06-14,5.42,5.48,5.09,5.28,654400.0,0.0,1.0,5.42,5.48,5.09,5.28,654400.0
2004-06-10,5.37,5.54,5.35,5.44,935400.0,0.0,1.0,5.37,5.54,5.35,5.44,935400.0
2004-06-09,5.5,5.5,5.31,5.35,578500.0,0.0,1.0,5.5,5.5,5.31,5.35,578500.0
2004-06-08,5.46,5.52,5.42,5.48,603100.0,0.0,1.0,5.46,5.52,5.42,5.48,603100.0
2004-06-07,5.4,5.55,5.32,5.45,566100.0,0.0,1.0,5.4,5.55,5.32,5.45,566100.0
2004-06-04,5.37,5.42,5.25,5.25,397500.0,0.0,1.0,5.37,5.42,5.25,5.25,397500.0
2004-06-03,5.39,5.45,5.22,5.24,532100.0,0.0,1.0,5.39,5.45,5.22,5.24,532100.0
2004-06-02,5.35,5.55,5.35,5.44,452300.0,0.0,1.0,5.35,5.55,5.35,5.44,452300.0
2004-06-01,5.31,5.4,5.17,5.4,448000.0,0.0,1.0,5.31,5.4,5.17,5.4,448000.0
2004-05-28,5.33,5.4,5.23,5.3,344700.0,0.0,1.0,5.33,5.4,5.23,5.3,344700.0
2004-05-27,5.5,5.58,5.19,5.33,489400.0,0.0,1.0,5.5,5.58,5.19,5.33,489400.0
2004-05-26,5.36,5.55,5.35,5.47,657300.0,0.0,1.0,5.36,5.55,5.35,5.47,657300.0
2004-05-25,5.14,5.48,5.14,5.46,945700.0,0.0,1.0,5.14,5.48,5.14,5.46,945700.0
2004-05-24,5.17,5.2,5.08,5.2,541900.0,0.0,1.0,5.17,5.2,5.08,5.2,541900.0
2004-05-21,5.11,5.22,5.06,5.15,443100.0,0.0,1.0,5.11,5.22,5.06,5.15,443100.0
2004-05-20,5.06,5.17,5.0,5.11,406700.0,0.0,1.0,5.06,5.17,5.0,5.11,406700.0
2004-05-19,5.2,5.2,5.01,5.05,758400.0,0.0,1.0,5.2,5.2,5.01,5.05,758400.0
2004-05-18,5.06,5.14,4.94,5.02,1783600.0,0.0,1.0,5.06,5.14,4.94,5.02,1783600.0
2004-05-17,5.12,5.15,4.94,5.01,525900.0,0.0,1.0,5.12,5.15,4.94,5.01,525900.0
2004-05-14,5.02,5.18,4.95,5.12,733700.0,0.0,1.0,5.02,5.18,4.95,5.12,733700.0
2004-05-13,5.06,5.19,4.96,5.02,1043100.0,0.0,1.0,5.06,5.19,4.96,5.02,1043100.0
2004-05-12,5.06,5.2,4.97,5.05,1004900.0,0.0,1.0,5.06,5.2,4.97,5.05,1004900.0
2004-05-11,4.93,5.35,4.91,5.16,1230700.0,0.0,1.0,4.93,5.35,4.91,5.16,1230700.0
2004-05-10,4.96,5.15,4.83,4.83,1046300.0,0.0,1.0,4.96,5.15,4.83,4.83,1046300.0
2004-05-07,5.16,5.29,5.02,5.05,650300.0,0.0,1.0,5.16,5.29,5.02,5.05,650300.0
2004-05-06,5.35,5.36,5.16,5.27,1107900.0,0.0,1.0,5.35,5.36,5.16,5.27,1107900.0
2004-05-05,5.66,5.67,5.35,5.38,2276100.0,0.0,1.0,5.66,5.67,5.35,5.38,2276100.0
2004-05-04,5.52,5.8,5.52,5.66,1254100.0,0.0,1.0,5.52,5.8,5.52,5.66,1254100.0
2004-05-03,5.46,5.64,5.41,5.58,1023600.0,0.0,1.0,5.46,5.64,5.41,5.58,1023600.0
2004-04-30,5.75,5.78,5.45,5.47,1183800.0,0.0,1.0,5.75,5.78,5.45,5.47,1183800.0
2004-04-29,5.85,5.92,5.64,5.67,1593500.0,0.0,1.0,5.85,5.92,5.64,5.67,1593500.0
2004-04-28,6.24,6.25,5.82,5.85,2282700.0,0.0,1.0,6.24,6.25,5.82,5.85,2282700.0
2004-04-27,6.5,6.66,6.1,6.34,2081000.0,0.0,1.0,6.5,6.66,6.1,6.34,2081000.0
2004-04-26,6.75,6.87,6.53,6.69,537000.0,0.0,1.0,6.75,6.87,6.53,6.69,537000.0
2004-04-23,6.65,6.78,6.57,6.74,924800.0,0.0,1.0,6.65,6.78,6.57,6.74,924800.0
2004-04-22,6.46,6.76,6.45,6.7,625000.0,0.0,1.0,6.46,6.76,6.45,6.7,625000.0
2004-04-21,6.32,6.48,6.3,6.41,401400.0,0.0,1.0,6.32,6.48,6.3,6.41,401400.0
2004-04-20,6.31,6.47,6.31,6.35,959100.0,0.0,1.0,6.31,6.47,6.31,6.35,959100.0
2004-04-19,6.21,6.43,6.18,6.29,1216800.0,0.0,1.0,6.21,6.43,6.18,6.29,1216800.0
2004-04-16,6.36,6.41,6.2,6.24,931200.0,0.0,1.0,6.36,6.41,6.2,6.24,931200.0
2004-04-15,6.63,6.72,6.3,6.35,705200.0,0.0,1.0,6.63,6.72,6.3,6.35,705200.0
2004-04-14,6.6,6.73,6.51,6.63,533600.0,0.0,1.0,6.6,6.73,6.51,6.63,533600.0
2004-04-13,6.85,6.86,6.6,6.63,551500.0,0.0,1.0,6.85,6.86,6.6,6.63,551500.0
2004-04-12,6.77,6.95,6.75,6.86,303000.0,0.0,1.0,6.77,6.95,6.75,6.86,303000.0
2004-04-08,6.95,6.95,6.79,6.79,380800.0,0.0,1.0,6.95,6.95,6.79,6.79,380800.0
2004-04-07,6.86,6.98,6.76,6.85,526200.0,0.0,1.0,6.86,6.98,6.76,6.85,526200.0
2004-04-06,7.04,7.11,6.86,6.91,381200.0,0.0,1.0,7.04,7.11,6.86,6.91,381200.0
2004-04-05,7.04,7.15,6.99,7.14,511400.0,0.0,1.0,7.04,7.15,6.99,7.14,511400.0
2004-04-02,7.2,7.23,6.92,7.04,857100.0,0.0,1.0,7.2,7.23,6.92,7.04,857100.0
2004-04-01,7.05,7.24,6.87,6.92,538800.0,0.0,1.0,7.05,7.24,6.87,6.92,538800.0
2004-03-31,7.08,7.18,7.0,7.08,827300.0,0.0,1.0,7.08,7.18,7.0,7.08,827300.0
2004-03-30,6.9,7.12,6.89,7.09,635400.0,0.0,1.0,6.9,7.12,6.89,7.09,635400.0
2004-03-29,6.95,7.04,6.75,6.95,656600.0,0.0,1.0,6.95,7.04,6.75,6.95,656600.0
2004-03-26,6.73,6.95,6.66,6.85,1496100.0,0.0,1.0,6.73,6.95,6.66,6.85,1496100.0
2004-03-25,6.61,6.68,6.5,6.64,874100.0,0.0,1.0,6.61,6.68,6.5,6.64,874100.0
2004-03-24,6.75,6.82,6.56,6.56,1107600.0,0.0,1.0,6.75,6.82,6.56,6.56,1107600.0
2004-03-23,6.71,6.88,6.6,6.67,656800.0,0.0,1.0,6.71,6.88,6.6,6.67,656800.0
2004-03-22,6.76,6.88,6.54,6.7,1132300.0,0.0,1.0,6.76,6.88,6.54,6.7,1132300.0
2004-03-19,7.0,7.0,6.75,6.75,1094900.0,0.0,1.0,7.0,7.0,6.75,6.75,1094900.0
2004-03-18,7.42,7.42,6.65,7.01,1900900.0,0.0,1.0,7.42,7.42,6.65,7.01,1900900.0
2004-03-17,7.32,7.49,7.23,7.42,621400.0,0.0,1.0,7.32,7.49,7.23,7.42,621400.0
2004-03-16,7.33,7.39,7.05,7.27,965200.0,0.0,1.0,7.33,7.39,7.05,7.27,965200.0
2004-03-15,7.78,7.86,7.24,7.27,1096100.0,0.0,1.0,7.78,7.86,7.24,7.27,1096100.0
2004-03-12,7.45,7.69,7.4,7.68,443400.0,0.0,1.0,7.45,7.69,7.4,7.68,443400.0
2004-03-11,7.57,7.76,7.3,7.38,1069300.0,0.0,1.0,7.57,7.76,7.3,7.38,1069300.0
2004-03-10,7.81,7.95,7.5,7.55,789500.0,0.0,1.0,7.81,7.95,7.5,7.55,789500.0
2004-03-09,8.01,8.06,7.76,7.8,1087200.0,0.0,1.0,8.01,8.06,7.76,7.8,1087200.0
2004-03-08,8.12,8.29,8.0,8.02,439400.0,0.0,1.0,8.12,8.29,8.0,8.02,439400.0
2004-03-05,8.05,8.41,8.01,8.2,693500.0,0.0,1.0,8.05,8.41,8.01,8.2,693500.0
2004-03-04,8.32,8.37,8.14,8.3,386900.0,0.0,1.0,8.32,8.37,8.14,8.3,386900.0
2004-03-03,8.21,8.42,8.1,8.32,624500.0,0.0,1.0,8.21,8.42,8.1,8.32,624500.0
2004-03-02,8.45,8.46,7.99,8.21,2715200.0,0.0,1.0,8.45,8.46,7.99,8.21,2715200.0
2004-03-01,8.66,8.7,8.53,8.63,868000.0,0.0,1.0,8.66,8.7,8.53,8.63,868000.0
2004-02-27,8.46,8.6,8.41,8.6,804000.0,0.0,1.0,8.46,8.6,8.41,8.6,804000.0
2004-02-26,8.61,8.63,7.84,8.58,2063400.0,0.0,1.0,8.61,8.63,7.84,8.58,2063400.0
2004-02-25,8.39,8.61,8.21,8.61,496400.0,0.0,1.0,8.39,8.61,8.21,8.61,496400.0
2004-02-24,8.5,8.74,8.33,8.43,537200.0,0.0,1.0,8.5,8.74,8.33,8.43,537200.0
2004-02-23,8.73,8.78,8.56,8.6,330200.0,0.0,1.0,8.73,8.78,8.56,8.6,330200.0
2004-02-20,8.64,8.82,8.64,8.72,313800.0,0.0,1.0,8.64,8.82,8.64,8.72,313800.0
2004-02-19,8.99,9.02,8.71,8.74,307600.0,0.0,1.0,8.99,9.02,8.71,8.74,307600.0
2004-02-18,9.0,9.05,8.85,8.97,394200.0,0.0,1.0,9.0,9.05,8.85,8.97,394200.0
2004-02-17,9.0,9.14,8.94,9.05,669300.0,0.0,1.0,9.0,9.14,8.94,9.05,669300.0
2004-02-13,9.05,9.2,8.92,9.07,329400.0,0.0,1.0,9.05,9.2,8.92,9.07,329400.0
2004-02-12,9.49,9.52,9.05,9.12,722900.0,0.0,1.0,9.49,9.52,9.05,9.12,722900.0
2004-02-11,8.98,9.38,8.78,9.26,694600.0,0.0,1.0,8.98,9.38,8.78,9.26,694600.0
2004-02-10,8.72,8.97,8.72,8.95,440500.0,0.0,1.0,8.72,8.97,8.72,8.95,440500.0
2004-02-09,8.8,8.91,8.54,8.85,878100.0,0.0,1.0,8.8,8.91,8.54,8.85,878100.0
2004-02-06,8.41,8.96,8.34,8.77,684300.0,0.0,1.0,8.41,8.96,8.34,8.77,684300.0
2004-02-05,8.3,8.55,8.2,8.33,700200.0,0.0,1.0,8.3,8.55,8.2,8.33,700200.0
2004-02-04,8.42,8.43,8.18,8.26,1276200.0,0.0,1.0,8.42,8.43,8.18,8.26,1276200.0
2004-02-03,8.17,8.72,8.15,8.45,899300.0,0.0,1.0,8.17,8.72,8.15,8.45,899300.0
2004-02-02,8.2,8.41,7.97,8.21,488000.0,0.0,1.0,8.2,8.41,7.97,8.21,488000.0
2004-01-30,8.25,8.38,8.02,8.18,447500.0,0.0,1.0,8.25,8.38,8.02,8.18,447500.0
2004-01-29,8.31,8.49,8.1,8.27,715900.0,0.0,1.0,8.31,8.49,8.1,8.27,715900.0
2004-01-28,8.48,8.69,8.25,8.32,436600.0,0.0,1.0,8.48,8.69,8.25,8.32,436600.0
2004-01-27,8.52,8.8,8.43,8.5,596200.0,0.0,1.0,8.52,8.8,8.43,8.5,596200.0
2004-01-26,8.45,8.65,8.39,8.58,2394800.0,0.0,1.0,8.45,8.65,8.39,8.58,2394800.0
2004-01-23,8.6,8.79,8.47,8.63,471900.0,0.0,1.0,8.6,8.79,8.47,8.63,471900.0
2004-01-22,9.0,9.01,8.56,8.57,897400.0,0.0,1.0,9.0,9.01,8.56,8.57,897400.0
2004-01-21,8.95,9.25,8.8,9.02,2163300.0,0.0,1.0,8.95,9.25,8.8,9.02,2163300.0
2004-01-20,8.8,9.2,8.42,9.1,2750100.0,0.0,1.0,8.8,9.2,8.42,9.1,2750100.0
2004-01-16,8.34,8.6,8.23,8.54,498800.0,0.0,1.0,8.34,8.6,8.23,8.54,498800.0
2004-01-15,8.16,8.36,8.02,8.32,478400.0,0.0,1.0,8.16,8.36,8.02,8.32,478400.0
2004-01-14,8.3,8.33,8.05,8.26,824700.0,0.0,1.0,8.3,8.33,8.05,8.26,824700.0
2004-01-13,7.62,8.24,7.6,8.21,1537700.0,0.0,1.0,7.62,8.24,7.6,8.21,1537700.0
2004-01-12,7.57,7.65,7.46,7.64,531900.0,0.0,1.0,7.57,7.65,7.46,7.64,531900.0
2004-01-09,7.6,7.75,7.47,7.47,694900.0,0.0,1.0,7.6,7.75,7.47,7.47,694900.0
2004-01-08,7.75,7.83,7.61,7.69,236100.0,0.0,1.0,7.75,7.83,7.61,7.69,236100.0
2004-01-07,7.54,7.71,7.52,7.68,1081600.0,0.0,1.0,7.54,7.71,7.52,7.68,1081600.0
2004-01-06,7.55,7.63,7.46,7.47,591100.0,0.0,1.0,7.55,7.63,7.46,7.47,591100.0
2004-01-05,7.33,7.59,7.32,7.56,1207100.0,0.0,1.0,7.33,7.59,7.32,7.56,1207100.0
2004-01-02,7.38,7.61,7.28,7.28,629400.0,0.0,1.0,7.38,7.61,7.28,7.28,629400.0
2003-12-31,7.75,7.75,7.3,7.3,944700.0,0.0,1.0,7.75,7.75,7.3,7.3,944700.0
2003-12-30,7.8,7.81,7.66,7.73,739000.0,0.0,1.0,7.8,7.81,7.66,7.73,739000.0
2003-12-29,7.82,7.95,7.74,7.8,572400.0,0.0,1.0,7.82,7.95,7.74,7.8,572400.0
2003-12-26,7.75,7.95,7.73,7.8,112600.0,0.0,1.0,7.75,7.95,7.73,7.8,112600.0
2003-12-24,7.89,7.95,7.65,7.69,168400.0,0.0,1.0,7.89,7.95,7.65,7.69,168400.0
2003-12-23,7.72,7.91,7.55,7.89,493300.0,0.0,1.0,7.72,7.91,7.55,7.89,493300.0
2003-12-22,7.61,7.75,7.46,7.74,535500.0,0.0,1.0,7.61,7.75,7.46,7.74,535500.0
2003-12-19,7.69,7.75,7.42,7.7,569400.0,0.0,1.0,7.69,7.75,7.42,7.7,569400.0
2003-12-18,7.51,7.77,7.41,7.73,507500.0,0.0,1.0,7.51,7.77,7.41,7.73,507500.0
2003-12-17,7.43,7.53,7.34,7.47,379900.0,0.0,1.0,7.43,7.53,7.34,7.47,379900.0
2003-12-16,7.45,7.58,7.35,7.49,345500.0,0.0,1.0,7.45,7.58,7.35,7.49,345500.0
2003-12-15,7.75,7.83,7.44,7.47,514900.0,0.0,1.0,7.75,7.83,7.44,7.47,514900.0
2003-12-12,7.5,7.59,7.34,7.55,504900.0,0.0,1.0,7.5,7.59,7.34,7.55,504900.0
2003-12-11,7.12,7.5,7.08,7.5,1422900.0,0.0,1.0,7.12,7.5,7.08,7.5,1422900.0
2003-12-10,7.4,7.5,6.95,7.12,782600.0,0.0,1.0,7.4,7.5,6.95,7.12,782600.0
2003-12-09,7.56,7.66,7.33,7.35,624100.0,0.0,1.0,7.56,7.66,7.33,7.35,624100.0
2003-12-08,7.55,7.73,7.5,7.59,1209000.0,0.0,1.0,7.55,7.73,7.5,7.59,1209000.0
2003-12-05,7.5,7.65,7.4,7.61,552000.0,0.0,1.0,7.5,7.65,7.4,7.61,552000.0
2003-12-04,7.6,7.69,7.32,7.5,490800.0,0.0,1.0,7.6,7.69,7.32,7.5,490800.0
2003-12-03,7.79,7.86,7.54,7.6,391300.0,0.0,1.0,7.79,7.86,7.54,7.6,391300.0
2003-12-02,7.89,7.94,7.76,7.79,424400.0,0.0,1.0,7.89,7.94,7.76,7.79,424400.0
2003-12-01,7.65,8.0,7.6,7.99,1186000.0,0.0,1.0,7.65,8.0,7.6,7.99,1186000.0
2003-11-28,7.73,7.8,7.65,7.65,157400.0,0.0,1.0,7.73,7.8,7.65,7.65,157400.0
2003-11-26,7.72,7.88,7.57,7.79,809400.0,0.0,1.0,7.72,7.88,7.57,7.79,809400.0
2003-11-25,7.78,7.84,7.64,7.72,528900.0,0.0,1.0,7.78,7.84,7.64,7.72,528900.0
2003-11-24,7.5,7.9,7.46,7.87,924400.0,0.0,1.0,7.5,7.9,7.46,7.87,924400.0
2003-11-21,7.52,7.52,7.37,7.51,467400.0,0.0,1.0,7.52,7.52,7.37,7.51,467400.0
2003-11-20,7.53,7.65,7.37,7.48,467900.0,0.0,1.0,7.53,7.65,7.37,7.48,467900.0
2003-11-19,7.41,7.75,7.3,7.67,879600.0,0.0,1.0,7.41,7.75,7.3,7.67,879600.0
2003-11-18,7.68,7.78,7.36,7.38,598700.0,0.0,1.0,7.68,7.78,7.36,7.38,598700.0
2003-11-17,7.56,7.8,7.53,7.7,907300.0,0.0,1.0,7.56,7.8,7.53,7.7,907300.0
2003-11-14,7.61,7.97,7.5,7.59,1116500.0,0.0,1.0,7.61,7.97,7.5,7.59,1116500.0
2003-11-13,7.8,7.97,7.55,7.62,2633000.0,0.0,1.0,7.8,7.97,7.55,7.62,2633000.0
2003-11-12,8.01,8.25,8.01,8.25,1802200.0,0.0,1.0,8.01,8.25,8.01,8.25,1802200.0
2003-11-11,7.92,8.05,7.78,8.02,1350400.0,0.0,1.0,7.92,8.05,7.78,8.02,1350400.0
2003-11-10,8.35,8.38,7.98,8.0,1264700.0,0.0,1.0,8.35,8.38,7.98,8.0,1264700.0
2003-11-07,8.5,8.54,8.14,8.23,590200.0,0.0,1.0,8.5,8.54,8.14,8.23,590200.0
2003-11-06,8.4,8.48,8.26,8.47,1057800.0,0.0,1.0,8.4,8.48,8.26,8.47,1057800.0
2003-11-05,8.33,8.49,8.26,8.41,1216800.0,0.0,1.0,8.33,8.49,8.26,8.41,1216800.0
2003-11-04,8.35,8.48,8.2,8.3,705000.0,0.0,1.0,8.35,8.48,8.2,8.3,705000.0
2003-11-03,8.28,8.42,8.2,8.39,813600.0,0.0,1.0,8.28,8.42,8.2,8.39,813600.0
2003-10-31,8.22,8.39,8.12,8.18,399300.0,0.0,1.0,8.22,8.39,8.12,8.18,399300.0
2003-10-30,8.6,8.6,8.0,8.17,785600.0,0.0,1.0,8.6,8.6,8.0,8.17,785600.0
2003-10-29,8.33,8.33,8.11,8.25,661400.0,0.0,1.0,8.33,8.33,8.11,8.25,661400.0
2003-10-28,8.0,8.34,7.95,8.33,1633200.0,0.0,1.0,8.0,8.34,7.95,8.33,1633200.0
2003-10-27,7.72,8.02,7.72,7.98,1605600.0,0.0,1.0,7.72,8.02,7.72,7.98,1605600.0
2003-10-24,7.79,7.8,7.48,7.56,520000.0,0.0,1.0,7.79,7.8,7.48,7.56,520000.0
2003-10-23,7.5,7.74,7.45,7.62,780000.0,0.0,1.0,7.5,7.74,7.45,7.62,780000.0
2003-10-22,7.8,7.8,7.51,7.57,820300.0,0.0,1.0,7.8,7.8,7.51,7.57,820300.0
2003-10-21,7.5,7.86,7.48,7.84,3295200.0,0.0,1.0,7.5,7.86,7.48,7.84,3295200.0
2003-10-20,7.35,7.45,7.34,7.39,1290900.0,0.0,1.0,7.35,7.45,7.34,7.39,1290900.0
2003-10-17,7.79,7.8,7.3,7.34,1514000.0,0.0,1.0,7.79,7.8,7.3,7.34,1514000.0
2003-10-16,7.54,7.83,7.54,7.69,2499500.0,0.0,1.0,7.54,7.83,7.54,7.69,2499500.0
2003-10-15,7.72,7.74,7.54,7.54,1737600.0,0.0,1.0,7.72,7.74,7.54,7.54,1737600.0
2003-10-14,7.61,7.73,7.54,7.68,1417400.0,0.0,1.0,7.61,7.73,7.54,7.68,1417400.0
2003-10-13,7.46,7.61,7.39,7.61,3349600.0,0.0,1.0,7.46,7.61,7.39,7.61,3349600.0
2003-10-10,7.6,7.6,7.28,7.36,7608400.0,0.0,1.0,7.6,7.6,7.28,7.36,7608400.0
2003-10-09,8.32,8.32,7.55,7.68,6081500.0,0.0,1.0,8.32,8.32,7.55,7.68,6081500.0
2003-10-08,9.01,9.06,8.85,8.95,175200.0,0.0,1.0,9.01,9.06,8.85,8.95,175200.0
2003-10-07,9.03,9.1,8.82,9.1,191100.0,0.0,1.0,9.03,9.1,8.82,9.1,191100.0
2003-10-06,8.67,9.1,8.67,9.1,272600.0,0.0,1.0,8.67,9.1,8.67,9.1,272600.0
2003-10-03,8.69,8.9,8.61,8.7,370900.0,0.0,1.0,8.69,8.9,8.61,8.7,370900.0
2003-10-02,8.73,8.87,8.35,8.62,324800.0,0.0,1.0,8.73,8.87,8.35,8.62,324800.0
2003-10-01,8.35,8.8,8.33,8.7,343800.0,0.0,1.0,8.35,8.8,8.33,8.7,343800.0
2003-09-30,8.57,8.74,8.12,8.27,391700.0,0.0,1.0,8.57,8.74,8.12,8.27,391700.0
2003-09-29,8.05,8.65,8.05,8.61,460000.0,0.0,1.0,8.05,8.65,8.05,8.61,460000.0
2003-09-26,8.55,8.56,7.9,7.95,646700.0,0.0,1.0,8.55,8.56,7.9,7.95,646700.0
2003-09-25,8.82,8.99,8.5,8.63,310100.0,0.0,1.0,8.82,8.99,8.5,8.63,310100.0
2003-09-24,9.5,9.5,8.83,8.84,360500.0,0.0,1.0,9.5,9.5,8.83,8.84,360500.0
2003-09-23,9.11,9.5,9.08,9.5,230900.0,0.0,1.0,9.11,9.5,9.08,9.5,230900.0
2003-09-22,9.5,9.51,9.11,9.15,471400.0,0.0,1.0,9.5,9.51,9.11,9.15,471400.0
2003-09-19,9.45,9.78,9.45,9.78,832200.0,0.0,1.0,9.45,9.78,9.45,9.78,832200.0
2003-09-18,9.25,9.35,9.01,9.35,252400.0,0.0,1.0,9.25,9.35,9.01,9.35,252400.0
2003-09-17,9.19,9.28,9.07,9.26,171300.0,0.0,1.0,9.19,9.28,9.07,9.26,171300.0
2003-09-16,8.88,9.22,8.84,9.19,408100.0,0.0,1.0,8.88,9.22,8.84,9.19,408100.0
2003-09-15,8.96,9.31,8.9,8.96,337000.0,0.0,1.0,8.96,9.31,8.9,8.96,337000.0
2003-09-12,8.85,9.13,8.77,9.0,418500.0,0.0,1.0,8.85,9.13,8.77,9.0,418500.0
2003-09-11,8.59,9.04,8.58,8.93,650000.0,0.0,1.0,8.59,9.04,8.58,8.93,650000.0
2003-09-10,9.15,9.15,8.55,8.58,635300.0,0.0,1.0,9.15,9.15,8.55,8.58,635300.0
2003-09-09,9.12,9.22,9.02,9.22,468200.0,0.0,1.0,9.12,9.22,9.02,9.22,468200.0
2003-09-08,9.18,9.45,9.01,9.2,602300.0,0.0,1.0,9.18,9.45,9.01,9.2,602300.0
2003-09-05,9.55,9.55,8.95,9.18,1234000.0,0.0,1.0,9.55,9.55,8.95,9.18,1234000.0
2003-09-04,9.72,9.87,9.48,9.7,456000.0,0.0,1.0,9.72,9.87,9.48,9.7,456000.0
2003-09-03,9.6,9.8,9.56,9.72,515700.0,0.0,1.0,9.6,9.8,9.56,9.72,515700.0
2003-09-02,9.5,9.63,9.22,9.6,655000.0,0.0,1.0,9.5,9.63,9.22,9.6,655000.0
2003-08-29,9.12,9.51,9.0,9.51,594700.0,0.0,1.0,9.12,9.51,9.0,9.51,594700.0
2003-08-28,9.13,9.35,9.0,9.16,937500.0,0.0,1.0,9.13,9.35,9.0,9.16,937500.0
2003-08-27,8.95,9.25,8.83,9.15,1193300.0,0.0,1.0,8.95,9.25,8.83,9.15,1193300.0
2003-08-26,8.45,8.92,8.43,8.92,1042000.0,0.0,1.0,8.45,8.92,8.43,8.92,1042000.0
2003-08-25,8.4,8.46,8.2,8.39,978900.0,0.0,1.0,8.4,8.46,8.2,8.39,978900.0
2003-08-22,8.15,8.33,8.12,8.32,1096100.0,0.0,1.0,8.15,8.33,8.12,8.32,1096100.0
2003-08-21,7.91,8.5,7.91,8.22,1012400.0,0.0,1.0,7.91,8.5,7.91,8.22,1012400.0
2003-08-20,7.35,7.83,7.25,7.83,1181500.0,0.0,1.0,7.35,7.83,7.25,7.83,1181500.0
2003-08-19,7.5,7.6,7.4,7.4,1052000.0,0.0,1.0,7.5,7.6,7.4,7.4,1052000.0
2003-08-18,7.5,7.75,7.4,7.5,2355400.0,0.0,1.0,7.5,7.75,7.4,7.5,2355400.0
2003-08-15,7.0,7.32,6.5,6.9,3881400.0,0.0,1.0,7.0,7.32,6.5,6.9,3881400.0
2003-08-14,5.38,5.57,5.32,5.38,153700.0,0.0,1.0,5.38,5.57,5.32,5.38,153700.0
2003-08-13,5.62,5.73,5.3,5.32,305500.0,0.0,1.0,5.62,5.73,5.3,5.32,305500.0
2003-08-12,5.3,5.59,5.24,5.54,365800.0,0.0,1.0,5.3,5.59,5.24,5.54,365800.0
2003-08-11,4.86,5.19,4.86,5.19,265900.0,0.0,1.0,4.86,5.19,4.86,5.19,265900.0
2003-08-08,4.91,5.08,4.83,4.95,512000.0,0.0,1.0,4.91,5.08,4.83,4.95,512000.0
2003-08-07,4.7,5.05,4.7,4.9,1724100.0,0.0,1.0,4.7,5.05,4.7,4.9,1724100.0
2003-08-06,6.4,6.4,4.48,4.66,3481300.0,0.0,1.0,6.4,6.4,4.48,4.66,3481300.0
2003-08-05,6.95,6.97,6.65,6.73,284900.0,0.0,1.0,6.95,6.97,6.65,6.73,284900.0
2003-08-04,7.01,7.06,6.79,6.92,238700.0,0.0,1.0,7.01,7.06,6.79,6.92,238700.0
2003-08-01,7.45,7.45,6.95,7.01,281300.0,0.0,1.0,7.45,7.45,6.95,7.01,281300.0
2003-07-31,7.43,7.75,7.42,7.55,287500.0,0.0,1.0,7.43,7.75,7.42,7.55,287500.0
2003-07-30,7.25,7.45,7.14,7.43,228700.0,0.0,1.0,7.25,7.45,7.14,7.43,228700.0
2003-07-29,7.42,7.44,7.17,7.28,231100.0,0.0,1.0,7.42,7.44,7.17,7.28,231100.0
2003-07-28,7.15,7.45,7.15,7.45,181000.0,0.0,1.0,7.15,7.45,7.15,7.45,181000.0
2003-07-25,7.1,7.23,7.0,7.16,231400.0,0.0,1.0,7.1,7.23,7.0,7.16,231400.0
2003-07-24,7.26,7.33,7.05,7.1,213600.0,0.0,1.0,7.26,7.33,7.05,7.1,213600.0
2003-07-23,7.25,7.36,7.02,7.24,134300.0,0.0,1.0,7.25,7.36,7.02,7.24,134300.0
2003-07-22,7.0,7.39,6.85,7.32,311900.0,0.0,1.0,7.0,7.39,6.85,7.32,311900.0
2003-07-21,7.21,7.22,7.0,7.01,185300.0,0.0,1.0,7.21,7.22,7.0,7.01,185300.0
2003-07-18,7.16,7.3,6.97,7.3,277200.0,0.0,1.0,7.16,7.3,6.97,7.3,277200.0
2003-07-17,7.42,7.44,7.16,7.16,280200.0,0.0,1.0,7.42,7.44,7.16,7.16,280200.0
2003-07-16,7.64,7.64,7.32,7.5,346800.0,0.0,1.0,7.64,7.64,7.32,7.5,346800.0
2003-07-15,7.81,7.84,7.6,7.62,328400.0,0.0,1.0,7.81,7.84,7.6,7.62,328400.0
2003-07-14,7.84,7.94,7.75,7.8,319000.0,0.0,1.0,7.84,7.94,7.75,7.8,319000.0
2003-07-11,7.78,7.83,7.58,7.74,280800.0,0.0,1.0,7.78,7.83,7.58,7.74,280800.0
2003-07-10,7.95,7.95,7.45,7.8,446700.0,0.0,1.0,7.95,7.95,7.45,7.8,446700.0
2003-07-09,7.9,7.99,7.66,7.95,428400.0,0.0,1.0,7.9,7.99,7.66,7.95,428400.0
2003-07-08,7.58,8.05,7.58,7.9,600400.0,0.0,1.0,7.58,8.05,7.58,7.9,600400.0
2003-07-07,7.07,7.58,7.05,7.58,710000.0,0.0,1.0,7.07,7.58,7.05,7.58,710000.0
2003-07-03,7.05,7.1,6.95,7.04,124500.0,0.0,1.0,7.05,7.1,6.95,7.04,124500.0
2003-07-02,7.08,7.12,7.05,7.11,476200.0,0.0,1.0,7.08,7.12,7.05,7.11,476200.0
2003-07-01,7.1,7.12,7.05,7.12,762100.0,0.0,1.0,7.1,7.12,7.05,7.12,762100.0
2003-06-30,7.08,7.1,6.88,7.1,1182800.0,0.0,1.0,7.08,7.1,6.88,7.1,1182800.0
2003-06-27,7.1,7.1,7.01,7.09,619200.0,0.0,1.0,7.1,7.1,7.01,7.09,619200.0
2003-06-26,6.97,7.19,6.97,7.1,312200.0,0.0,1.0,6.97,7.19,6.97,7.1,312200.0
2003-06-25,7.08,7.25,6.86,7.0,405000.0,0.0,1.0,7.08,7.25,6.86,7.0,405000.0
2003-06-24,7.36,7.4,6.95,7.06,305500.0,0.0,1.0,7.36,7.4,6.95,7.06,305500.0
2003-06-23,7.4,7.4,7.22,7.36,285300.0,0.0,1.0,7.4,7.4,7.22,7.36,285300.0
2003-06-20,7.35,7.4,7.35,7.4,518900.0,0.0,1.0,7.35,7.4,7.35,7.4,518900.0
2003-06-19,7.38,7.4,7.19,7.22,217200.0,0.0,1.0,7.38,7.4,7.19,7.22,217200.0
2003-06-18,7.37,7.48,7.23,7.4,475800.0,0.0,1.0,7.37,7.48,7.23,7.4,475800.0
2003-06-17,7.6,7.6,6.99,7.33,493600.0,0.0,1.0,7.6,7.6,6.99,7.33,493600.0
2003-06-16,7.5,7.6,7.5,7.6,689400.0,0.0,1.0,7.5,7.6,7.5,7.6,689400.0
2003-06-13,7.85,7.86,7.27,7.44,436700.0,0.0,1.0,7.85,7.86,7.27,7.44,436700.0
2003-06-12,7.93,7.96,7.75,7.87,160700.0,0.0,1.0,7.93,7.96,7.75,7.87,160700.0
2003-06-11,7.69,8.03,7.54,7.95,243100.0,0.0,1.0,7.69,8.03,7.54,7.95,243100.0
2003-06-10,7.6,7.73,7.43,7.68,563300.0,0.0,1.0,7.6,7.73,7.43,7.68,563300.0
2003-06-09,8.15,8.15,7.69,7.69,908100.0,0.0,1.0,8.15,8.15,7.69,7.69,908100.0
2003-06-06,8.15,8.7,8.1,8.2,684300.0,0.0,1.0,8.15,8.7,8.1,8.2,684300.0
2003-06-05,8.1,8.32,7.99,8.2,892900.0,0.0,1.0,8.1,8.32,7.99,8.2,892900.0
2003-06-04,8.0,8.2,7.6,8.15,6331600.0,0.0,1.0,8.0,8.2,7.6,8.15,6331600.0
2003-06-03,6.3,7.23,6.25,7.12,2243200.0,0.0,1.0,6.3,7.23,6.25,7.12,2243200.0
2003-06-02,6.04,6.43,6.02,6.24,638500.0,0.0,1.0,6.04,6.43,6.02,6.24,638500.0
2003-05-30,6.01,6.1,5.85,6.01,393800.0,0.0,1.0,6.01,6.1,5.85,6.01,393800.0
2003-05-29,5.4,6.08,5.4,6.02,1269600.0,0.0,1.0,5.4,6.08,5.4,6.02,1269600.0
2003-05-28,5.46,5.71,5.38,5.43,432400.0,0.0,1.0,5.46,5.71,5.38,5.43,432400.0
2003-05-27,5.12,5.52,5.12,5.44,812200.0,0.0,1.0,5.12,5.52,5.12,5.44,812200.0
2003-05-23,4.9,5.1,4.9,5.07,250400.0,0.0,1.0,4.9,5.1,4.9,5.07,250400.0
2003-05-22,4.82,5.07,4.77,4.9,321900.0,0.0,1.0,4.82,5.07,4.77,4.9,321900.0
2003-05-21,4.78,4.83,4.61,4.83,355100.0,0.0,1.0,4.78,4.83,4.61,4.83,355100.0
2003-05-20,4.82,5.0,4.65,4.77,654400.0,0.0,1.0,4.82,5.0,4.65,4.77,654400.0
2003-05-19,4.84,4.85,4.5,4.68,861700.0,0.0,1.0,4.84,4.85,4.5,4.68,861700.0
2003-05-16,5.1,5.1,4.87,4.87,537200.0,0.0,1.0,5.1,5.1,4.87,4.87,537200.0
2003-05-15,5.4,5.4,5.0,5.1,714700.0,0.0,1.0,5.4,5.4,5.0,5.1,714700.0
2003-05-14,5.12,5.44,5.12,5.32,857800.0,0.0,1.0,5.12,5.44,5.12,5.32,857800.0
2003-05-13,5.17,5.23,5.03,5.11,472600.0,0.0,1.0,5.17,5.23,5.03,5.11,472600.0
2003-05-12,4.98,5.33,4.96,5.2,1082100.0,0.0,1.0,4.98,5.33,4.96,5.2,1082100.0
2003-05-09,4.88,4.99,4.78,4.98,702800.0,0.0,1.0,4.88,4.99,4.78,4.98,702800.0
2003-05-08,4.81,4.9,4.74,4.9,385800.0,0.0,1.0,4.81,4.9,4.74,4.9,385800.0
2003-05-07,4.5,5.07,4.4,4.91,1164400.0,0.0,1.0,4.5,5.07,4.4,4.91,1164400.0
2003-05-06,3.57,4.6,3.57,4.45,2116900.0,0.0,1.0,3.57,4.6,3.57,4.45,2116900.0
2003-05-05,3.48,3.52,3.44,3.5,2784600.0,0.0,1.0,3.48,3.52,3.44,3.5,2784600.0
2003-05-02,3.4,3.5,3.4,3.45,481100.0,0.0,1.0,3.4,3.5,3.4,3.45,481100.0
2003-05-01,3.45,3.5,3.4,3.4,384200.0,0.0,1.0,3.45,3.5,3.4,3.4,384200.0
2003-04-30,3.52,3.57,3.35,3.45,672300.0,0.0,1.0,3.52,3.57,3.35,3.45,672300.0
2003-04-29,3.6,3.7,3.53,3.55,391700.0,0.0,1.0,3.6,3.7,3.53,3.55,391700.0
2003-04-28,3.56,3.6,3.54,3.55,190000.0,0.0,1.0,3.56,3.6,3.54,3.55,190000.0
2003-04-25,3.59,3.6,3.52,3.52,94700.0,0.0,1.0,3.59,3.6,3.52,3.52,94700.0
2003-04-24,3.53,3.6,3.5,3.57,387100.0,0.0,1.0,3.53,3.6,3.5,3.57,387100.0
2003-04-23,3.45,3.54,3.4,3.54,114600.0,0.0,1.0,3.45,3.54,3.4,3.54,114600.0
2003-04-22,3.45,3.55,3.35,3.47,1381900.0,0.0,1.0,3.45,3.55,3.35,3.47,1381900.0
2003-04-21,3.39,3.56,3.35,3.5,274200.0,0.0,1.0,3.39,3.56,3.35,3.5,274200.0
2003-04-17,3.36,3.47,3.36,3.4,62500.0,0.0,1.0,3.36,3.47,3.36,3.4,62500.0
2003-04-16,3.56,3.58,3.35,3.35,47300.0,0.0,1.0,3.56,3.58,3.35,3.35,47300.0
2003-04-15,3.44,3.59,3.34,3.52,92500.0,0.0,1.0,3.44,3.59,3.34,3.52,92500.0
2003-04-14,3.31,3.63,3.3,3.46,119000.0,0.0,1.0,3.31,3.63,3.3,3.46,119000.0
2003-04-11,3.56,3.58,3.21,3.31,91400.0,0.0,1.0,3.56,3.58,3.21,3.31,91400.0
2003-04-10,3.57,3.6,3.37,3.57,93100.0,0.0,1.0,3.57,3.6,3.37,3.57,93100.0
2003-04-09,3.57,3.62,3.56,3.58,186700.0,0.0,1.0,3.57,3.62,3.56,3.58,186700.0
2003-04-08,3.74,3.78,3.58,3.58,141900.0,0.0,1.0,3.74,3.78,3.58,3.58,141900.0
2003-04-07,3.9,3.93,3.67,3.75,461200.0,0.0,1.0,3.9,3.93,3.67,3.75,461200.0
2003-04-04,3.6,3.93,3.59,3.9,673600.0,0.0,1.0,3.6,3.93,3.59,3.9,673600.0
2003-04-03,3.55,3.61,3.45,3.55,2031800.0,0.0,1.0,3.55,3.61,3.45,3.55,2031800.0
2003-04-02,3.25,3.53,3.24,3.51,420500.0,0.0,1.0,3.25,3.53,3.24,3.51,420500.0
2003-04-01,3.2,3.25,3.18,3.24,253500.0,0.0,1.0,3.2,3.25,3.18,3.24,253500.0
2003-03-31,3.18,3.26,3.16,3.2,104300.0,0.0,1.0,3.18,3.26,3.16,3.2,104300.0
2003-03-28,3.18,3.24,3.17,3.18,102200.0,0.0,1.0,3.18,3.24,3.17,3.18,102200.0
2003-03-27,3.2,3.25,3.16,3.2,51900.0,0.0,1.0,3.2,3.25,3.16,3.2,51900.0
2003-03-26,3.25,3.28,3.21,3.24,295400.0,0.0,1.0,3.25,3.28,3.21,3.24,295400.0
2003-03-25,3.25,3.3,3.25,3.25,726000.0,0.0,1.0,3.25,3.3,3.25,3.25,726000.0
2003-03-24,3.3,3.3,3.22,3.26,169000.0,0.0,1.0,3.3,3.3,3.22,3.26,169000.0
2003-03-21,3.25,3.3,3.21,3.3,280600.0,0.0,1.0,3.25,3.3,3.21,3.3,280600.0
2003-03-20,3.17,3.4,3.15,3.2,125700.0,0.0,1.0,3.17,3.4,3.15,3.2,125700.0
2003-03-19,3.19,3.22,3.12,3.18,264000.0,0.0,1.0,3.19,3.22,3.12,3.18,264000.0
2003-03-18,3.15,3.19,3.11,3.18,219800.0,0.0,1.0,3.15,3.19,3.11,3.18,219800.0
2003-03-17,3.1,3.15,3.07,3.14,264600.0,0.0,1.0,3.1,3.15,3.07,3.14,264600.0
2003-03-14,3.15,3.15,3.02,3.1,208500.0,0.0,1.0,3.15,3.15,3.02,3.1,208500.0
2003-03-13,2.96,3.18,2.91,3.18,235600.0,0.0,1.0,2.96,3.18,2.91,3.18,235600.0
2003-03-12,2.86,3.0,2.82,2.92,189200.0,0.0,1.0,2.86,3.0,2.82,2.92,189200.0
2003-03-11,3.0,3.0,2.8,2.9,281300.0,0.0,1.0,3.0,3.0,2.8,2.9,281300.0
2003-03-10,3.03,3.08,2.86,2.95,168500.0,0.0,1.0,3.03,3.08,2.86,2.95,168500.0
2003-03-07,3.12,3.13,3.03,3.05,88600.0,0.0,1.0,3.12,3.13,3.03,3.05,88600.0
2003-03-06,3.21,3.24,3.11,3.11,153700.0,0.0,1.0,3.21,3.24,3.11,3.11,153700.0
2003-03-05,3.19,3.27,3.19,3.23,125500.0,0.0,1.0,3.19,3.27,3.19,3.23,125500.0
2003-03-04,3.28,3.3,3.18,3.18,279400.0,0.0,1.0,3.28,3.3,3.18,3.18,279400.0
2003-03-03,3.3,3.32,3.21,3.31,318800.0,0.0,1.0,3.3,3.32,3.21,3.31,318800.0
2003-02-28,3.15,3.3,3.15,3.3,443500.0,0.0,1.0,3.15,3.3,3.15,3.3,443500.0
2003-02-27,3.2,3.23,2.96,3.13,981200.0,0.0,1.0,3.2,3.23,2.96,3.13,981200.0
2003-02-26,3.06,3.19,2.95,3.07,12323400.0,0.0,1.0,3.06,3.19,2.95,3.07,12323400.0
2003-02-25,3.15,3.15,2.99,3.05,224600.0,0.0,1.0,3.15,3.15,2.99,3.05,224600.0
2003-02-24,3.26,3.34,3.15,3.15,354500.0,0.0,1.0,3.26,3.34,3.15,3.15,354500.0
2003-02-21,3.24,3.42,3.18,3.26,308500.0,0.0,1.0,3.24,3.42,3.18,3.26,308500.0
2003-02-20,3.22,3.31,3.22,3.25,98900.0,0.0,1.0,3.22,3.31,3.22,3.25,98900.0
2003-02-19,3.22,3.25,3.18,3.24,48700.0,0.0,1.0,3.22,3.25,3.18,3.24,48700.0
2003-02-18,3.16,3.32,3.15,3.24,60800.0,0.0,1.0,3.16,3.32,3.15,3.24,60800.0
2003-02-14,3.28,3.4,3.15,3.15,100300.0,0.0,1.0,3.28,3.4,3.15,3.15,100300.0
2003-02-13,3.35,3.39,3.3,3.33,253500.0,0.0,1.0,3.35,3.39,3.3,3.33,253500.0
2003-02-12,3.34,3.43,3.3,3.33,265100.0,0.0,1.0,3.34,3.43,3.3,3.33,265100.0
2003-02-11,3.5,3.51,3.34,3.36,80900.0,0.0,1.0,3.5,3.51,3.34,3.36,80900.0
2003-02-10,3.2,3.6,3.19,3.5,379500.0,0.0,1.0,3.2,3.6,3.19,3.5,379500.0
2003-02-07,3.2,3.23,3.18,3.19,130700.0,0.0,1.0,3.2,3.23,3.18,3.19,130700.0
2003-02-06,3.35,3.42,3.2,3.2,258900.0,0.0,1.0,3.35,3.42,3.2,3.2,258900.0
2003-02-05,3.35,3.39,3.27,3.37,349900.0,0.0,1.0,3.35,3.39,3.27,3.37,349900.0
2003-02-04,3.5,3.5,3.26,3.3,332100.0,0.0,1.0,3.5,3.5,3.26,3.3,332100.0
2003-02-03,3.45,3.65,3.44,3.58,127900.0,0.0,1.0,3.45,3.65,3.44,3.58,127900.0
2003-01-31,3.3,3.5,3.15,3.49,180400.0,0.0,1.0,3.3,3.5,3.15,3.49,180400.0
2003-01-30,3.23,3.53,3.2,3.3,497100.0,0.0,1.0,3.23,3.53,3.2,3.3,497100.0
2003-01-29,3.38,3.38,3.1,3.15,411700.0,0.0,1.0,3.38,3.38,3.1,3.15,411700.0
2003-01-28,3.55,3.59,3.3,3.38,399500.0,0.0,1.0,3.55,3.59,3.3,3.38,399500.0
2003-01-27,3.62,3.82,3.49,3.53,251500.0,0.0,1.0,3.62,3.82,3.49,3.53,251500.0
2003-01-24,3.9,3.9,3.68,3.71,90000.0,0.0,1.0,3.9,3.9,3.68,3.71,90000.0
2003-01-23,3.85,3.98,3.77,3.94,105900.0,0.0,1.0,3.85,3.98,3.77,3.94,105900.0
2003-01-22,3.77,3.91,3.75,3.85,155100.0,0.0,1.0,3.77,3.91,3.75,3.85,155100.0
2003-01-21,3.85,3.89,3.76,3.83,241200.0,0.0,1.0,3.85,3.89,3.76,3.83,241200.0
2003-01-17,3.82,3.9,3.76,3.85,219300.0,0.0,1.0,3.82,3.9,3.76,3.85,219300.0
2003-01-16,3.78,4.05,3.76,3.87,339900.0,0.0,1.0,3.78,4.05,3.76,3.87,339900.0
2003-01-15,3.97,4.03,3.8,3.8,1360500.0,0.0,1.0,3.97,4.03,3.8,3.8,1360500.0
2003-01-14,3.96,4.02,3.76,3.99,172100.0,0.0,1.0,3.96,4.02,3.76,3.99,172100.0
2003-01-13,4.06,4.06,3.92,3.98,190300.0,0.0,1.0,4.06,4.06,3.92,3.98,190300.0
2003-01-10,3.86,4.05,3.86,3.98,132400.0,0.0,1.0,3.86,4.05,3.86,3.98,132400.0
2003-01-09,3.98,4.05,3.83,3.91,86100.0,0.0,1.0,3.98,4.05,3.83,3.91,86100.0
2003-01-08,4.0,4.05,3.92,3.92,221300.0,0.0,1.0,4.0,4.05,3.92,3.92,221300.0
2003-01-07,3.75,4.15,3.72,4.03,484500.0,0.0,1.0,3.75,4.15,3.72,4.03,484500.0
2003-01-06,3.7,3.95,3.7,3.77,627400.0,0.0,1.0,3.7,3.95,3.7,3.77,627400.0
2003-01-03,3.75,3.79,3.65,3.71,132100.0,0.0,1.0,3.75,3.79,3.65,3.71,132100.0
2003-01-02,3.6,3.8,3.5,3.75,192400.0,0.0,1.0,3.6,3.8,3.5,3.75,192400.0
2002-12-31,3.33,3.59,3.25,3.5,303900.0,0.0,1.0,3.33,3.59,3.25,3.5,303900.0
2002-12-30,3.38,3.4,3.25,3.35,200700.0,0.0,1.0,3.38,3.4,3.25,3.35,200700.0
2002-12-27,3.39,3.44,3.31,3.4,245300.0,0.0,1.0,3.39,3.44,3.31,3.4,245300.0
2002-12-26,3.38,3.5,3.36,3.42,357000.0,0.0,1.0,3.38,3.5,3.36,3.42,357000.0
2002-12-24,3.13,3.38,3.13,3.38,89900.0,0.0,1.0,3.13,3.38,3.13,3.38,89900.0
2002-12-23,3.34,3.34,3.05,3.21,201300.0,0.0,1.0,3.34,3.34,3.05,3.21,201300.0
2002-12-20,3.3,3.35,3.1,3.35,272300.0,0.0,1.0,3.3,3.35,3.1,3.35,272300.0
2002-12-19,3.17,3.32,3.01,3.21,209200.0,0.0,1.0,3.17,3.32,3.01,3.21,209200.0
2002-12-18,3.26,3.37,3.17,3.23,89100.0,0.0,1.0,3.26,3.37,3.17,3.23,89100.0
2002-12-17,3.42,3.44,3.32,3.33,208400.0,0.0,1.0,3.42,3.44,3.32,3.33,208400.0
2002-12-16,3.44,3.49,3.28,3.45,170700.0,0.0,1.0,3.44,3.49,3.28,3.45,170700.0
2002-12-13,3.41,3.5,3.22,3.43,89900.0,0.0,1.0,3.41,3.5,3.22,3.43,89900.0
2002-12-12,3.46,3.55,3.3,3.49,128300.0,0.0,1.0,3.46,3.55,3.3,3.49,128300.0
2002-12-11,3.43,3.55,3.3,3.53,189300.0,0.0,1.0,3.43,3.55,3.3,3.53,189300.0
2002-12-10,3.19,3.71,3.19,3.45,338600.0,0.0,1.0,3.19,3.71,3.19,3.45,338600.0
2002-12-09,3.25,3.33,3.06,3.18,204600.0,0.0,1.0,3.25,3.33,3.06,3.18,204600.0
2002-12-06,3.45,3.51,3.25,3.29,130400.0,0.0,1.0,3.45,3.51,3.25,3.29,130400.0
2002-12-05,3.66,3.66,3.36,3.5,214700.0,0.0,1.0,3.66,3.66,3.36,3.5,214700.0
2002-12-04,3.81,3.81,3.56,3.65,148600.0,0.0,1.0,3.81,3.81,3.56,3.65,148600.0
2002-12-03,3.75,3.94,3.51,3.81,621100.0,0.0,1.0,3.75,3.94,3.51,3.81,621100.0
2002-12-02,3.7,3.9,3.6,3.73,408800.0,0.0,1.0,3.7,3.9,3.6,3.73,408800.0
2002-11-29,3.58,3.69,3.5,3.68,74700.0,0.0,1.0,3.58,3.69,3.5,3.68,74700.0
2002-11-27,3.4,3.68,3.4,3.6,475600.0,0.0,1.0,3.4,3.68,3.4,3.6,475600.0
2002-11-26,3.61,3.73,3.25,3.38,503200.0,0.0,1.0,3.61,3.73,3.25,3.38,503200.0
2002-11-25,3.5,3.82,3.49,3.65,471500.0,0.0,1.0,3.5,3.82,3.49,3.65,471500.0
2002-11-22,3.19,3.55,3.1,3.51,205200.0,0.0,1.0,3.19,3.55,3.1,3.51,205200.0
2002-11-21,3.15,3.35,3.0,3.2,516600.0,0.0,1.0,3.15,3.35,3.0,3.2,516600.0
2002-11-20,3.0,3.25,3.0,3.14,1027200.0,0.0,1.0,3.0,3.25,3.0,3.14,1027200.0
2002-11-19,2.91,2.99,2.9,2.96,231600.0,0.0,1.0,2.91,2.99,2.9,2.96,231600.0
2002-11-18,3.1,3.1,2.9,2.92,101200.0,0.0,1.0,3.1,3.1,2.9,2.92,101200.0
2002-11-15,3.09,3.1,2.9,3.04,123100.0,0.0,1.0,3.09,3.1,2.9,3.04,123100.0
2002-11-14,3.03,3.17,3.01,3.15,94600.0,0.0,1.0,3.03,3.17,3.01,3.15,94600.0
2002-11-13,2.95,3.19,2.91,3.0,74400.0,0.0,1.0,2.95,3.19,2.91,3.0,74400.0
2002-11-12,2.9,3.0,2.9,2.99,98300.0,0.0,1.0,2.9,3.0,2.9,2.99,98300.0
2002-11-11,3.0,3.36,2.82,2.9,207700.0,0.0,1.0,3.0,3.36,2.82,2.9,207700.0
2002-11-08,3.18,3.18,2.99,3.14,112200.0,0.0,1.0,3.18,3.18,2.99,3.14,112200.0
2002-11-07,3.13,3.2,3.0,3.18,147800.0,0.0,1.0,3.13,3.2,3.0,3.18,147800.0
2002-11-06,3.2,3.22,2.94,3.19,208700.0,0.0,1.0,3.2,3.22,2.94,3.19,208700.0
2002-11-05,3.02,3.28,2.86,3.18,151200.0,0.0,1.0,3.02,3.28,2.86,3.18,151200.0
2002-11-04,3.19,3.22,2.97,3.12,391000.0,0.0,1.0,3.19,3.22,2.97,3.12,391000.0
2002-11-01,3.12,3.3,3.0,3.17,360400.0,0.0,1.0,3.12,3.3,3.0,3.17,360400.0
2002-10-31,3.3,3.32,3.06,3.18,250800.0,0.0,1.0,3.3,3.32,3.06,3.18,250800.0
2002-10-30,2.71,3.35,2.71,3.32,288200.0,0.0,1.0,2.71,3.35,2.71,3.32,288200.0
2002-10-29,2.71,2.76,2.65,2.71,132400.0,0.0,1.0,2.71,2.76,2.65,2.71,132400.0
2002-10-28,2.9,2.9,2.66,2.74,68000.0,0.0,1.0,2.9,2.9,2.66,2.74,68000.0
2002-10-25,2.86,3.0,2.75,2.85,140500.0,0.0,1.0,2.86,3.0,2.75,2.85,140500.0
2002-10-24,2.84,3.0,2.81,2.95,152400.0,0.0,1.0,2.84,3.0,2.81,2.95,152400.0
2002-10-23,2.7,2.94,2.69,2.81,113300.0,0.0,1.0,2.7,2.94,2.69,2.81,113300.0
2002-10-22,2.51,2.8,2.51,2.75,140900.0,0.0,1.0,2.51,2.8,2.51,2.75,140900.0
2002-10-21,2.5,2.69,2.4,2.56,430000.0,0.0,1.0,2.5,2.69,2.4,2.56,430000.0
2002-10-18,2.7,2.74,2.48,2.5,124600.0,0.0,1.0,2.7,2.74,2.48,2.5,124600.0
2002-10-17,3.07,3.1,2.76,2.8,369000.0,0.0,1.0,3.07,3.1,2.76,2.8,369000.0
2002-10-16,2.5,3.03,2.5,3.02,437100.0,0.0,1.0,2.5,3.03,2.5,3.02,437100.0
2002-10-15,2.57,2.68,2.35,2.45,103500.0,0.0,1.0,2.57,2.68,2.35,2.45,103500.0
2002-10-14,2.2,2.5,2.15,2.49,58000.0,0.0,1.0,2.2,2.5,2.15,2.49,58000.0
2002-10-11,2.03,2.29,2.01,2.22,153100.0,0.0,1.0,2.03,2.29,2.01,2.22,153100.0
2002-10-10,1.84,1.98,1.78,1.98,185200.0,0.0,1.0,1.84,1.98,1.78,1.98,185200.0
2002-10-09,1.86,1.88,1.8,1.85,132400.0,0.0,1.0,1.86,1.88,1.8,1.85,132400.0
2002-10-08,1.85,1.96,1.79,1.88,177900.0,0.0,1.0,1.85,1.96,1.79,1.88,177900.0
2002-10-07,2.04,2.04,1.81,1.82,201300.0,0.0,1.0,2.04,2.04,1.81,1.82,201300.0
2002-10-04,2.06,2.09,1.98,2.02,153500.0,0.0,1.0,2.06,2.09,1.98,2.02,153500.0
2002-10-03,2.0,2.11,1.94,2.01,109700.0,0.0,1.0,2.0,2.11,1.94,2.01,109700.0
2002-10-02,2.11,2.12,2.0,2.04,254800.0,0.0,1.0,2.11,2.12,2.0,2.04,254800.0
2002-10-01,2.09,2.18,2.07,2.14,203500.0,0.0,1.0,2.09,2.18,2.07,2.14,203500.0
2002-09-30,2.17,2.17,2.03,2.08,203100.0,0.0,1.0,2.17,2.17,2.03,2.08,203100.0
2002-09-27,2.34,2.34,2.13,2.17,148500.0,0.0,1.0,2.34,2.34,2.13,2.17,148500.0
2002-09-26,2.45,2.45,2.25,2.4,93900.0,0.0,1.0,2.45,2.45,2.25,2.4,93900.0
2002-09-25,2.35,2.48,2.33,2.44,87500.0,0.0,1.0,2.35,2.48,2.33,2.44,87500.0
2002-09-24,2.5,2.55,2.25,2.34,338500.0,0.0,1.0,2.5,2.55,2.25,2.34,338500.0
2002-09-23,2.52,2.6,2.49,2.5,292600.0,0.0,1.0,2.52,2.6,2.49,2.5,292600.0
2002-09-20,2.52,2.6,2.51,2.55,140800.0,0.0,1.0,2.52,2.6,2.51,2.55,140800.0
2002-09-19,2.57,2.68,2.48,2.48,132700.0,0.0,1.0,2.57,2.68,2.48,2.48,132700.0
2002-09-18,2.55,2.68,2.54,2.65,51800.0,0.0,1.0,2.55,2.68,2.54,2.65,51800.0
2002-09-17,2.72,2.83,2.55,2.58,173300.0,0.0,1.0,2.72,2.83,2.55,2.58,173300.0
2002-09-16,2.95,2.95,2.68,2.72,178200.0,0.0,1.0,2.95,2.95,2.68,2.72,178200.0
2002-09-13,2.75,2.99,2.53,2.94,245200.0,0.0,1.0,2.75,2.99,2.53,2.94,245200.0
2002-09-12,2.87,2.88,2.75,2.77,83500.0,0.0,1.0,2.87,2.88,2.75,2.77,83500.0
2002-09-11,2.92,2.96,2.86,2.96,104500.0,0.0,1.0,2.92,2.96,2.86,2.96,104500.0
2002-09-10,2.88,2.92,2.78,2.9,176100.0,0.0,1.0,2.88,2.92,2.78,2.9,176100.0
2002-09-09,2.57,2.93,2.51,2.87,163200.0,0.0,1.0,2.57,2.93,2.51,2.87,163200.0
2002-09-06,2.5,2.85,2.48,2.58,215000.0,0.0,1.0,2.5,2.85,2.48,2.58,215000.0
2002-09-05,2.2,2.45,2.2,2.45,382700.0,0.0,1.0,2.2,2.45,2.2,2.45,382700.0
2002-09-04,2.5,2.63,2.1,2.2,554100.0,0.0,1.0,2.5,2.63,2.1,2.2,554100.0
2002-09-03,2.52,2.65,2.5,2.54,245400.0,0.0,1.0,2.52,2.65,2.5,2.54,245400.0
2002-08-30,2.8,2.81,2.6,2.65,113100.0,0.0,1.0,2.8,2.81,2.6,2.65,113100.0
2002-08-29,2.5,2.79,2.5,2.7,187800.0,0.0,1.0,2.5,2.79,2.5,2.7,187800.0
2002-08-28,2.5,2.73,2.48,2.52,277100.0,0.0,1.0,2.5,2.73,2.48,2.52,277100.0
2002-08-27,2.82,2.85,2.57,2.57,216200.0,0.0,1.0,2.82,2.85,2.57,2.57,216200.0
2002-08-26,2.75,2.9,2.7,2.86,93400.0,0.0,1.0,2.75,2.9,2.7,2.86,93400.0
2002-08-23,2.87,3.0,2.68,2.68,152200.0,0.0,1.0,2.87,3.0,2.68,2.68,152200.0
2002-08-22,2.64,3.1,2.64,2.86,523500.0,0.0,1.0,2.64,3.1,2.64,2.86,523500.0
2002-08-21,2.1,2.54,2.1,2.54,284800.0,0.0,1.0,2.1,2.54,2.1,2.54,284800.0
2002-08-20,2.1,2.15,2.06,2.1,280700.0,0.0,1.0,2.1,2.15,2.06,2.1,280700.0
2002-08-19,2.27,2.27,2.05,2.09,441000.0,0.0,1.0,2.27,2.27,2.05,2.09,441000.0
2002-08-16,2.37,2.45,2.22,2.27,192300.0,0.0,1.0,2.37,2.45,2.22,2.27,192300.0
2002-08-15,2.12,2.4,2.12,2.37,205500.0,0.0,1.0,2.12,2.4,2.12,2.37,205500.0
2002-08-14,1.99,2.1,1.96,2.08,258600.0,0.0,1.0,1.99,2.1,1.96,2.08,258600.0
2002-08-13,1.97,2.09,1.88,1.9,215000.0,0.0,1.0,1.97,2.09,1.88,1.9,215000.0
2002-08-12,2.15,2.15,2.0,2.03,229500.0,0.0,1.0,2.15,2.15,2.0,2.03,229500.0
2002-08-09,2.19,2.2,2.08,2.13,184800.0,0.0,1.0,2.19,2.2,2.08,2.13,184800.0
2002-08-08,2.06,2.19,1.97,2.19,101300.0,0.0,1.0,2.06,2.19,1.97,2.19,101300.0
2002-08-07,2.09,2.15,1.86,2.09,157700.0,0.0,1.0,2.09,2.15,1.86,2.09,157700.0
2002-08-06,2.02,2.05,1.75,2.03,489000.0,0.0,1.0,2.02,2.05,1.75,2.03,489000.0
2002-08-05,2.1,2.16,1.88,1.99,366200.0,0.0,1.0,2.1,2.16,1.88,1.99,366200.0
2002-08-02,2.06,2.19,2.01,2.1,343700.0,0.0,1.0,2.06,2.19,2.01,2.1,343700.0
2002-08-01,1.93,2.25,1.93,2.05,747800.0,0.0,1.0,1.93,2.25,1.93,2.05,747800.0
2002-07-31,2.25,2.28,1.9,1.91,3300300.0,0.0,1.0,2.25,2.28,1.9,1.91,3300300.0
2002-07-30,2.25,2.34,2.22,2.25,1785900.0,0.0,1.0,2.25,2.34,2.22,2.25,1785900.0
2002-07-29,2.32,2.34,2.21,2.25,1157600.0,0.0,1.0,2.32,2.34,2.21,2.25,1157600.0
2002-07-26,2.4,2.4,2.26,2.29,603100.0,0.0,1.0,2.4,2.4,2.26,2.29,603100.0
2002-07-25,2.5,2.55,2.32,2.4,947600.0,0.0,1.0,2.5,2.55,2.32,2.4,947600.0
2002-07-24,2.75,3.04,2.49,2.6,474500.0,0.0,1.0,2.75,3.04,2.49,2.6,474500.0
2002-07-23,3.0,3.01,2.7,2.83,303100.0,0.0,1.0,3.0,3.01,2.7,2.83,303100.0
2002-07-22,2.97,3.09,2.86,3.0,353900.0,0.0,1.0,2.97,3.09,2.86,3.0,353900.0
2002-07-19,2.99,2.99,2.85,2.96,519000.0,0.0,1.0,2.99,2.99,2.85,2.96,519000.0
2002-07-18,3.26,3.49,2.95,3.0,552600.0,0.0,1.0,3.26,3.49,2.95,3.0,552600.0
2002-07-17,2.8,3.27,2.8,3.23,678300.0,0.0,1.0,2.8,3.27,2.8,3.23,678300.0
2002-07-16,2.7,2.78,2.58,2.77,947600.0,0.0,1.0,2.7,2.78,2.58,2.77,947600.0
2002-07-15,2.75,2.77,2.62,2.68,552100.0,0.0,1.0,2.75,2.77,2.62,2.68,552100.0
2002-07-12,2.63,2.8,2.63,2.77,768000.0,0.0,1.0,2.63,2.8,2.63,2.77,768000.0
2002-07-11,2.85,2.9,2.57,2.58,945100.0,0.0,1.0,2.85,2.9,2.57,2.58,945100.0
2002-07-10,2.91,3.11,2.65,2.79,793100.0,0.0,1.0,2.91,3.11,2.65,2.79,793100.0
2002-07-09,3.33,3.36,2.84,2.88,1457500.0,0.0,1.0,3.33,3.36,2.84,2.88,1457500.0
2002-07-08,3.5,3.5,3.26,3.33,1217000.0,0.0,1.0,3.5,3.5,3.26,3.33,1217000.0
2002-07-05,3.15,3.49,3.15,3.39,513700.0,0.0,1.0,3.15,3.49,3.15,3.39,513700.0
2002-07-03,3.1,3.57,2.88,3.0,2341000.0,0.0,1.0,3.1,3.57,2.88,3.0,2341000.0
2002-07-02,4.1,6.5,2.8,2.92,5135700.0,0.0,1.0,4.1,6.5,2.8,2.92,5135700.0
2002-07-01,10.05,10.19,9.09,9.14,690200.0,0.0,1.0,10.05,10.19,9.09,9.14,690200.0
2002-06-28,10.07,10.25,9.4,9.87,1898700.0,0.0,1.0,10.07,10.25,9.4,9.87,1898700.0
2002-06-27,12.95,12.95,9.88,10.07,1424300.0,0.0,1.0,12.95,12.95,9.88,10.07,1424300.0
2002-06-26,12.4,12.96,12.15,12.95,487800.0,0.0,1.0,12.4,12.96,12.15,12.95,487800.0
2002-06-25,13.15,13.32,12.63,12.9,290100.0,0.0,1.0,13.15,13.32,12.63,12.9,290100.0
2002-06-24,13.1,13.16,12.5,13.15,400700.0,0.0,1.0,13.1,13.16,12.5,13.15,400700.0
2002-06-21,13.25,13.54,13.0,13.16,682100.0,0.0,1.0,13.25,13.54,13.0,13.16,682100.0
2002-06-20,13.75,13.75,13.11,13.16,473700.0,0.0,1.0,13.75,13.75,13.11,13.16,473700.0
2002-06-19,13.0,13.18,12.69,12.8,302000.0,0.0,1.0,13.0,13.18,12.69,12.8,302000.0
2002-06-18,13.08,13.4,13.08,13.15,171400.0,0.0,1.0,13.08,13.4,13.08,13.15,171400.0
2002-06-17,12.59,13.15,12.57,13.13,283000.0,0.0,1.0,12.59,13.15,12.57,13.13,283000.0
2002-06-14,12.2,12.87,12.2,12.49,370300.0,0.0,1.0,12.2,12.87,12.2,12.49,370300.0
2002-06-13,12.2,12.49,12.14,12.25,283300.0,0.0,1.0,12.2,12.49,12.14,12.25,283300.0
2002-06-12,12.16,12.37,12.15,12.25,175100.0,0.0,1.0,12.16,12.37,12.15,12.25,175100.0
2002-06-11,12.75,12.91,12.15,12.16,331800.0,0.0,1.0,12.75,12.91,12.15,12.16,331800.0
2002-06-10,12.75,12.85,12.74,12.75,394700.0,0.0,1.0,12.75,12.85,12.74,12.75,394700.0
2002-06-07,12.11,12.76,12.0,12.75,337300.0,0.0,1.0,12.11,12.76,12.0,12.75,337300.0
2002-06-06,12.1,12.32,12.09,12.13,288700.0,0.0,1.0,12.1,12.32,12.09,12.13,288700.0
2002-06-05,11.7,12.14,11.7,12.07,416900.0,0.0,1.0,11.7,12.14,11.7,12.07,416900.0
2002-06-04,11.55,11.8,11.23,11.7,500900.0,0.0,1.0,11.55,11.8,11.23,11.7,500900.0
2002-06-03,12.6,12.6,11.15,11.6,792700.0,0.0,1.0,12.6,12.6,11.15,11.6,792700.0
2002-05-31,12.65,12.97,12.56,12.57,321300.0,0.0,1.0,12.65,12.97,12.56,12.57,321300.0
2002-05-30,13.25,13.26,12.31,12.6,449600.0,0.0,1.0,13.25,13.26,12.31,12.6,449600.0
2002-05-29,13.4,13.4,13.21,13.25,274600.0,0.0,1.0,13.4,13.4,13.21,13.25,274600.0
2002-05-28,13.4,13.5,13.2,13.31,400000.0,0.0,1.0,13.4,13.5,13.2,13.31,400000.0
2002-05-24,13.36,13.77,13.2,13.5,673500.0,0.0,1.0,13.36,13.77,13.2,13.5,673500.0
2002-05-23,11.93,13.4,11.93,13.4,581100.0,0.0,1.0,11.93,13.4,11.93,13.4,581100.0
2002-05-22,12.22,12.75,11.6,11.83,850900.0,0.0,1.0,12.22,12.75,11.6,11.83,850900.0
2002-05-21,14.25,14.33,11.98,12.18,1135000.0,0.0,1.0,14.25,14.33,11.98,12.18,1135000.0
2002-05-20,13.26,14.02,13.09,13.93,415500.0,0.0,1.0,13.26,14.02,13.09,13.93,415500.0
2002-05-17,14.0,14.2,13.18,13.25,483500.0,0.0,1.0,14.0,14.2,13.18,13.25,483500.0
2002-05-16,14.15,14.2,13.81,13.94,171800.0,0.0,1.0,14.15,14.2,13.81,13.94,171800.0
2002-05-15,14.0,14.3,13.72,14.15,260200.0,0.0,1.0,14.0,14.3,13.72,14.15,260200.0
2002-05-14,13.7,14.02,13.64,13.9,399500.0,0.0,1.0,13.7,14.02,13.64,13.9,399500.0
2002-05-13,14.1,14.1,13.6,13.6,327200.0,0.0,1.0,14.1,14.1,13.6,13.6,327200.0
2002-05-10,14.5,14.5,14.0,14.14,376400.0,0.0,1.0,14.5,14.5,14.0,14.14,376400.0
2002-05-09,14.98,15.0,14.4,14.5,236400.0,0.0,1.0,14.98,15.0,14.4,14.5,236400.0
2002-05-08,15.03,15.03,14.5,14.98,378600.0,0.0,1.0,15.03,15.03,14.5,14.98,378600.0
2002-05-07,14.81,15.1,14.5,15.03,296900.0,0.0,1.0,14.81,15.1,14.5,15.03,296900.0
2002-05-06,14.95,15.0,14.77,14.8,183900.0,0.0,1.0,14.95,15.0,14.77,14.8,183900.0
2002-05-03,15.8,15.84,14.65,14.95,653800.0,0.0,1.0,15.8,15.84,14.65,14.95,653800.0
2002-05-02,15.95,16.05,15.64,15.74,407700.0,0.0,1.0,15.95,16.05,15.64,15.74,407700.0
2002-05-01,16.52,16.59,15.87,15.92,426400.0,0.0,1.0,16.52,16.59,15.87,15.92,426400.0
2002-04-30,16.78,16.82,16.5,16.76,341900.0,0.0,1.0,16.78,16.82,16.5,16.76,341900.0
2002-04-29,17.16,17.55,16.9,17.0,232200.0,0.0,1.0,17.16,17.55,16.9,17.0,232200.0
2002-04-26,17.4,17.5,17.01,17.16,121600.0,0.0,1.0,17.4,17.5,17.01,17.16,121600.0
2002-04-25,17.5,17.51,17.31,17.32,103200.0,0.0,1.0,17.5,17.51,17.31,17.32,103200.0
2002-04-24,17.94,17.95,17.42,17.53,226700.0,0.0,1.0,17.94,17.95,17.42,17.53,226700.0
2002-04-23,16.85,18.0,16.85,17.83,341700.0,0.0,1.0,16.85,18.0,16.85,17.83,341700.0
2002-04-22,17.55,17.75,16.75,16.98,303200.0,0.0,1.0,17.55,17.75,16.75,16.98,303200.0
2002-04-19,17.76,17.76,17.2,17.51,333000.0,0.0,1.0,17.76,17.76,17.2,17.51,333000.0
2002-04-18,18.5,18.89,17.51,17.76,323000.0,0.0,1.0,18.5,18.89,17.51,17.76,323000.0
2002-04-17,18.75,18.83,18.3,18.5,816800.0,0.0,1.0,18.75,18.83,18.3,18.5,816800.0
2002-04-16,18.0,18.9,18.0,18.8,705100.0,0.0,1.0,18.0,18.9,18.0,18.8,705100.0
2002-04-15,16.95,18.0,16.95,17.88,506200.0,0.0,1.0,16.95,18.0,16.95,17.88,506200.0
2002-04-12,17.0,17.05,16.45,16.95,184500.0,0.0,1.0,17.0,17.05,16.45,16.95,184500.0
2002-04-11,17.28,17.34,16.81,16.9,161200.0,0.0,1.0,17.28,17.34,16.81,16.9,161200.0
2002-04-10,16.65,17.34,16.45,17.34,362300.0,0.0,1.0,16.65,17.34,16.45,17.34,362300.0
2002-04-09,17.02,17.03,16.59,16.64,110800.0,0.0,1.0,17.02,17.03,16.59,16.64,110800.0
2002-04-08,16.35,17.21,16.05,17.11,326500.0,0.0,1.0,16.35,17.21,16.05,17.11,326500.0
2002-04-05,16.66,16.75,16.11,16.47,129700.0,0.0,1.0,16.66,16.75,16.11,16.47,129700.0
2002-04-04,16.02,16.75,15.85,16.66,292100.0,0.0,1.0,16.02,16.75,15.85,16.66,292100.0
2002-04-03,17.15,17.15,15.82,16.02,325200.0,0.0,1.0,17.15,17.15,15.82,16.02,325200.0
2002-04-02,17.19,17.5,17.02,17.22,457200.0,0.0,1.0,17.19,17.5,17.02,17.22,457200.0
2002-04-01,17.2,17.5,16.84,17.36,225700.0,0.0,1.0,17.2,17.5,16.84,17.36,225700.0
2002-03-28,17.36,17.43,17.02,17.29,175700.0,0.0,1.0,17.36,17.43,17.02,17.29,175700.0
2002-03-27,16.8,17.4,16.8,17.35,237100.0,0.0,1.0,16.8,17.4,16.8,17.35,237100.0
2002-03-26,16.92,16.92,16.49,16.7,416800.0,0.0,1.0,16.92,16.92,16.49,16.7,416800.0
2002-03-25,16.9,17.0,16.68,16.92,246800.0,0.0,1.0,16.9,17.0,16.68,16.92,246800.0
2002-03-22,17.21,17.21,17.0,17.0,131400.0,0.0,1.0,17.21,17.21,17.0,17.0,131400.0
2002-03-21,17.3,17.3,16.75,17.2,348600.0,0.0,1.0,17.3,17.3,16.75,17.2,348600.0
2002-03-20,16.89,17.29,16.71,17.28,303600.0,0.0,1.0,16.89,17.29,16.71,17.28,303600.0
2002-03-19,16.95,17.38,16.7,16.89,169500.0,0.0,1.0,16.95,17.38,16.7,16.89,169500.0
2002-03-18,16.89,17.1,16.55,17.01,290000.0,0.0,1.0,16.89,17.1,16.55,17.01,290000.0
2002-03-15,16.7,16.93,16.43,16.89,170400.0,0.0,1.0,16.7,16.93,16.43,16.89,170400.0
2002-03-14,16.51,16.83,16.45,16.7,425900.0,0.0,1.0,16.51,16.83,16.45,16.7,425900.0
2002-03-13,16.4,16.55,16.4,16.51,245000.0,0.0,1.0,16.4,16.55,16.4,16.51,245000.0
2002-03-12,16.05,16.42,15.86,16.41,193200.0,0.0,1.0,16.05,16.42,15.86,16.41,193200.0
2002-03-11,16.15,16.25,15.82,16.15,135100.0,0.0,1.0,16.15,16.25,15.82,16.15,135100.0
2002-03-08,16.21,16.25,15.95,16.15,173400.0,0.0,1.0,16.21,16.25,15.95,16.15,173400.0
2002-03-07,16.15,16.19,15.85,16.11,242200.0,0.0,1.0,16.15,16.19,15.85,16.11,242200.0
2002-03-06,16.1,16.23,15.95,16.18,194500.0,0.0,1.0,16.1,16.23,15.95,16.18,194500.0
2002-03-05,15.66,16.2,15.45,16.1,283300.0,0.0,1.0,15.66,16.2,15.45,16.1,283300.0
2002-03-04,15.2,15.71,15.2,15.66,290500.0,0.0,1.0,15.2,15.71,15.2,15.66,290500.0
2002-03-01,15.42,15.42,15.02,15.1,238200.0,0.0,1.0,15.42,15.42,15.02,15.1,238200.0
2002-02-28,15.12,15.45,15.12,15.42,232000.0,0.0,1.0,15.12,15.45,15.12,15.42,232000.0
2002-02-27,14.85,15.24,14.82,15.08,277800.0,0.0,1.0,14.85,15.24,14.82,15.08,277800.0
2002-02-26,14.86,15.05,14.72,14.75,243600.0,0.0,1.0,14.86,15.05,14.72,14.75,243600.0
2002-02-25,14.96,15.09,14.56,14.96,271200.0,0.0,1.0,14.96,15.09,14.56,14.96,271200.0
2002-02-22,14.93,15.05,14.71,14.96,270800.0,0.0,1.0,14.93,15.05,14.71,14.96,270800.0
2002-02-21,15.01,15.41,14.76,14.93,454300.0,0.0,1.0,15.01,15.41,14.76,14.93,454300.0
2002-02-20,14.91,15.25,14.91,15.03,251800.0,0.0,1.0,14.91,15.25,14.91,15.03,251800.0
2002-02-19,15.05,15.73,14.87,15.09,398900.0,0.0,1.0,15.05,15.73,14.87,15.09,398900.0
2002-02-15,14.74,15.8,14.55,15.18,744300.0,0.0,1.0,14.74,15.8,14.55,15.18,744300.0
2002-02-14,14.0,15.5,14.0,14.84,1063000.0,0.0,1.0,14.0,15.5,14.0,14.84,1063000.0
2002-02-13,13.55,13.73,13.22,13.44,288000.0,0.0,1.0,13.55,13.73,13.22,13.44,288000.0
2002-02-12,13.35,13.73,13.0,13.55,476400.0,0.0,1.0,13.35,13.73,13.0,13.55,476400.0
2002-02-11,12.55,14.39,12.55,13.35,1137600.0,0.0,1.0,12.55,14.39,12.55,13.35,1137600.0
2002-02-08,11.74,12.28,11.67,12.15,171500.0,0.0,1.0,11.74,12.28,11.67,12.15,171500.0
2002-02-07,11.64,11.9,11.53,11.65,303100.0,0.0,1.0,11.64,11.9,11.53,11.65,303100.0
2002-02-06,12.37,12.45,11.69,11.7,604900.0,0.0,1.0,12.37,12.45,11.69,11.7,604900.0
2002-02-05,12.75,12.88,12.1,12.38,430700.0,0.0,1.0,12.75,12.88,12.1,12.38,430700.0
2002-02-04,13.52,13.53,12.95,12.99,279000.0,0.0,1.0,13.52,13.53,12.95,12.99,279000.0
2002-02-01,13.35,13.6,13.25,13.42,418200.0,0.0,1.0,13.35,13.6,13.25,13.42,418200.0
2002-01-31,13.8,13.8,13.15,13.25,538800.0,0.0,1.0,13.8,13.8,13.15,13.25,538800.0
2002-01-30,13.34,13.9,13.26,13.84,455500.0,0.0,1.0,13.34,13.9,13.26,13.84,455500.0
2002-01-29,13.85,13.89,13.4,13.44,350500.0,0.0,1.0,13.85,13.89,13.4,13.44,350500.0
2002-01-28,13.65,13.84,13.65,13.75,190300.0,0.0,1.0,13.65,13.84,13.65,13.75,190300.0
2002-01-25,13.8,13.9,13.6,13.67,405000.0,0.0,1.0,13.8,13.9,13.6,13.67,405000.0
2002-01-24,13.01,13.94,13.01,13.88,383600.0,0.0,1.0,13.01,13.94,13.01,13.88,383600.0
2002-01-23,13.7,13.7,12.81,13.01,811400.0,0.0,1.0,13.7,13.7,12.81,13.01,811400.0
2002-01-22,14.27,14.56,13.55,13.6,659000.0,0.0,1.0,14.27,14.56,13.55,13.6,659000.0
2002-01-18,14.81,14.83,14.26,14.27,319800.0,0.0,1.0,14.81,14.83,14.26,14.27,319800.0
2002-01-17,14.64,15.0,14.46,14.8,222600.0,0.0,1.0,14.64,15.0,14.46,14.8,222600.0
2002-01-16,15.2,15.2,14.51,14.55,231700.0,0.0,1.0,15.2,15.2,14.51,14.55,231700.0
2002-01-15,15.41,15.41,15.02,15.31,176800.0,0.0,1.0,15.41,15.41,15.02,15.31,176800.0
2002-01-14,15.44,15.49,14.96,15.48,328800.0,0.0,1.0,15.44,15.49,14.96,15.48,328800.0
2002-01-11,15.93,15.93,15.28,15.49,274500.0,0.0,1.0,15.93,15.93,15.28,15.49,274500.0
2002-01-10,16.25,16.25,15.8,15.93,331200.0,0.0,1.0,16.25,16.25,15.8,15.93,331200.0
2002-01-09,15.7,16.4,15.7,16.31,396600.0,0.0,1.0,15.7,16.4,15.7,16.31,396600.0
2002-01-08,15.88,15.88,15.1,15.47,371100.0,0.0,1.0,15.88,15.88,15.1,15.47,371100.0
2002-01-07,15.92,16.11,15.82,15.98,313200.0,0.0,1.0,15.92,16.11,15.82,15.98,313200.0
2002-01-04,15.75,15.96,15.52,15.82,253100.0,0.0,1.0,15.75,15.96,15.52,15.82,253100.0
2002-01-03,16.06,16.37,15.44,15.68,281800.0,0.0,1.0,16.06,16.37,15.44,15.68,281800.0
2002-01-02,15.6,16.06,15.25,16.06,303700.0,0.0,1.0,15.6,16.06,15.25,16.06,303700.0
2001-12-31,15.5,15.9,15.05,15.43,316700.0,0.0,1.0,15.5,15.9,15.05,15.43,316700.0
2001-12-28,15.62,16.0,15.5,15.78,249900.0,0.0,1.0,15.62,16.0,15.5,15.78,249900.0
2001-12-27,14.89,15.62,14.85,15.62,431900.0,0.0,1.0,14.89,15.62,14.85,15.62,431900.0
2001-12-26,14.8,14.98,14.6,14.89,226500.0,0.0,1.0,14.8,14.98,14.6,14.89,226500.0
2001-12-24,14.72,14.97,14.72,14.81,101100.0,0.0,1.0,14.72,14.97,14.72,14.81,101100.0
2001-12-21,14.1,14.68,13.9,14.65,507900.0,0.0,1.0,14.1,14.68,13.9,14.65,507900.0
2001-12-20,14.49,14.49,13.95,14.07,251500.0,0.0,1.0,14.49,14.49,13.95,14.07,251500.0
2001-12-19,14.19,14.59,14.0,14.49,298600.0,0.0,1.0,14.19,14.59,14.0,14.49,298600.0
2001-12-18,14.46,14.5,14.1,14.24,368100.0,0.0,1.0,14.46,14.5,14.1,14.24,368100.0
2001-12-17,15.05,15.44,14.15,14.29,361500.0,0.0,1.0,15.05,15.44,14.15,14.29,361500.0
2001-12-14,15.12,15.19,14.92,15.05,329400.0,0.0,1.0,15.12,15.19,14.92,15.05,329400.0
2001-12-13,15.65,15.65,15.15,15.21,355000.0,0.0,1.0,15.65,15.65,15.15,15.21,355000.0
2001-12-12,15.72,15.85,15.41,15.7,236800.0,0.0,1.0,15.72,15.85,15.41,15.7,236800.0
2001-12-11,15.35,16.1,15.34,15.74,296500.0,0.0,1.0,15.35,16.1,15.34,15.74,296500.0
2001-12-10,16.03,16.03,15.05,15.22,275800.0,0.0,1.0,16.03,16.03,15.05,15.22,275800.0
2001-12-07,16.1,16.49,16.01,16.03,128700.0,0.0,1.0,16.1,16.49,16.01,16.03,128700.0
2001-12-06,15.9,16.1,15.75,16.07,138400.0,0.0,1.0,15.9,16.1,15.75,16.07,138400.0
2001-12-05,15.48,15.9,15.25,15.77,399800.0,0.0,1.0,15.48,15.9,15.25,15.77,399800.0
2001-12-04,15.49,15.49,15.13,15.36,432600.0,0.0,1.0,15.49,15.49,15.13,15.36,432600.0
2001-12-03,15.55,15.65,15.35,15.35,205300.0,0.0,1.0,15.55,15.65,15.35,15.35,205300.0
2001-11-30,15.98,16.5,15.55,15.55,349600.0,0.0,1.0,15.98,16.5,15.55,15.55,349600.0
2001-11-29,15.9,16.25,15.71,16.02,202600.0,0.0,1.0,15.9,16.25,15.71,16.02,202600.0
2001-11-28,16.01,16.25,15.71,15.8,391100.0,0.0,1.0,16.01,16.25,15.71,15.8,391100.0
2001-11-27,16.0,16.49,15.52,16.01,303400.0,0.0,1.0,16.0,16.49,15.52,16.01,303400.0
2001-11-26,15.65,16.1,15.52,16.01,273900.0,0.0,1.0,15.65,16.1,15.52,16.01,273900.0
2001-11-23,15.75,15.87,15.71,15.79,82100.0,0.0,1.0,15.75,15.87,15.71,15.79,82100.0
2001-11-21,15.6,15.7,15.5,15.61,146100.0,0.0,1.0,15.6,15.7,15.5,15.61,146100.0
2001-11-20,16.01,16.05,15.46,15.74,420400.0,0.0,1.0,16.01,16.05,15.46,15.74,420400.0
2001-11-19,15.9,16.2,15.82,16.2,150300.0,0.0,1.0,15.9,16.2,15.82,16.2,150300.0
2001-11-16,15.96,15.97,15.61,15.69,334700.0,0.0,1.0,15.96,15.97,15.61,15.69,334700.0
2001-11-15,16.35,16.43,15.75,15.96,298900.0,0.0,1.0,16.35,16.43,15.75,15.96,298900.0
2001-11-14,16.25,16.75,16.05,16.55,254900.0,0.0,1.0,16.25,16.75,16.05,16.55,254900.0
2001-11-13,16.25,16.3,15.69,16.02,292900.0,0.0,1.0,16.25,16.3,15.69,16.02,292900.0
2001-11-12,15.75,16.3,15.51,15.79,207900.0,0.0,1.0,15.75,16.3,15.51,15.79,207900.0
2001-11-09,16.15,16.15,15.57,15.81,356900.0,0.0,1.0,16.15,16.15,15.57,15.81,356900.0
2001-11-08,16.39,16.95,16.05,16.27,281400.0,0.0,1.0,16.39,16.95,16.05,16.27,281400.0
2001-11-07,15.4,16.6,15.25,16.35,433700.0,0.0,1.0,15.4,16.6,15.25,16.35,433700.0
2001-11-06,15.05,15.6,14.51,15.35,820700.0,0.0,1.0,15.05,15.6,14.51,15.35,820700.0
2001-11-05,16.25,16.48,15.91,16.02,285500.0,0.0,1.0,16.25,16.48,15.91,16.02,285500.0
2001-11-02,15.9,16.15,15.6,16.1,125000.0,0.0,1.0,15.9,16.15,15.6,16.1,125000.0
2001-11-01,15.35,15.97,15.35,15.97,428700.0,0.0,1.0,15.35,15.97,15.35,15.97,428700.0
2001-10-31,15.2,15.47,14.93,15.2,576500.0,0.0,1.0,15.2,15.47,14.93,15.2,576500.0
2001-10-30,15.75,15.76,14.9,15.15,957700.0,0.0,1.0,15.75,15.76,14.9,15.15,957700.0
2001-10-29,17.05,17.1,16.05,16.07,237800.0,0.0,1.0,17.05,17.1,16.05,16.07,237800.0
2001-10-26,16.9,17.4,16.85,16.89,170200.0,0.0,1.0,16.9,17.4,16.85,16.89,170200.0
2001-10-25,16.4,16.81,16.1,16.78,285700.0,0.0,1.0,16.4,16.81,16.1,16.78,285700.0
2001-10-24,16.45,16.77,16.28,16.57,285700.0,0.0,1.0,16.45,16.77,16.28,16.57,285700.0
2001-10-23,16.34,17.08,16.32,16.63,324700.0,0.0,1.0,16.34,17.08,16.32,16.63,324700.0
2001-10-22,16.5,16.75,16.28,16.35,219900.0,0.0,1.0,16.5,16.75,16.28,16.35,219900.0
2001-10-19,16.48,16.73,16.07,16.57,226700.0,0.0,1.0,16.48,16.73,16.07,16.57,226700.0
2001-10-18,16.98,16.98,15.9,16.48,289300.0,0.0,1.0,16.98,16.98,15.9,16.48,289300.0
2001-10-17,17.25,17.6,16.6,17.18,531700.0,0.0,1.0,17.25,17.6,16.6,17.18,531700.0
2001-10-16,17.65,18.25,17.1,17.15,574900.0,0.0,1.0,17.65,18.25,17.1,17.15,574900.0
2001-10-15,18.2,18.2,17.71,17.72,137400.0,0.0,1.0,18.2,18.2,17.71,17.72,137400.0
2001-10-12,18.0,18.69,17.76,18.38,1275200.0,0.0,1.0,18.0,18.69,17.76,18.38,1275200.0
2001-10-11,17.75,18.32,17.6,17.99,378500.0,0.0,1.0,17.75,18.32,17.6,17.99,378500.0
2001-10-10,16.48,17.44,16.48,17.37,369500.0,0.0,1.0,16.48,17.44,16.48,17.37,369500.0
2001-10-09,16.3,16.69,16.01,16.48,256500.0,0.0,1.0,16.3,16.69,16.01,16.48,256500.0
2001-10-08,15.96,16.9,15.95,16.48,240900.0,0.0,1.0,15.96,16.9,15.95,16.48,240900.0
2001-10-05,17.1,17.7,15.5,15.95,897500.0,0.0,1.0,17.1,17.7,15.5,15.95,897500.0
2001-10-04,17.27,18.4,16.9,17.1,665500.0,0.0,1.0,17.27,18.4,16.9,17.1,665500.0
2001-10-03,16.24,18.2,16.18,17.27,1049300.0,0.0,1.0,16.24,18.2,16.18,17.27,1049300.0
2001-10-02,15.91,16.7,15.46,16.44,943200.0,0.0,1.0,15.91,16.7,15.46,16.44,943200.0
2001-10-01,14.35,16.5,14.35,15.91,1183400.0,0.0,1.0,14.35,16.5,14.35,15.91,1183400.0
2001-09-28,13.35,14.75,13.35,14.25,1062500.0,0.0,1.0,13.35,14.75,13.35,14.25,1062500.0
2001-09-27,12.95,13.38,12.85,13.35,400400.0,0.0,1.0,12.95,13.38,12.85,13.35,400400.0
2001-09-26,12.69,12.94,12.5,12.85,1045600.0,0.0,1.0,12.69,12.94,12.5,12.85,1045600.0
2001-09-25,12.7,12.75,11.99,12.7,837200.0,0.0,1.0,12.7,12.75,11.99,12.7,837200.0
2001-09-24,11.0,12.5,11.0,12.5,660600.0,0.0,1.0,11.0,12.5,11.0,12.5,660600.0
2001-09-21,10.0,10.5,9.94,10.3,1682800.0,0.0,1.0,10.0,10.5,9.94,10.3,1682800.0
2001-09-20,11.5,11.8,10.5,10.51,1151600.0,0.0,1.0,11.5,11.8,10.5,10.51,1151600.0
2001-09-19,11.9,12.27,11.5,11.89,653300.0,0.0,1.0,11.9,12.27,11.5,11.89,653300.0
2001-09-18,11.5,12.3,11.5,11.9,973700.0,0.0,1.0,11.5,12.3,11.5,11.9,973700.0
2001-09-17,12.75,13.25,11.8,12.0,1201400.0,0.0,1.0,12.75,13.25,11.8,12.0,1201400.0
2001-09-10,14.74,14.74,13.3,13.3,1293300.0,0.0,1.0,14.74,14.74,13.3,13.3,1293300.0
2001-09-07,15.85,15.86,14.79,15.1,634500.0,0.0,1.0,15.85,15.86,14.79,15.1,634500.0
2001-09-06,16.49,16.78,15.91,16.01,534800.0,0.0,1.0,16.49,16.78,15.91,16.01,534800.0
2001-09-05,17.85,17.89,16.7,16.71,252000.0,0.0,1.0,17.85,17.89,16.7,16.71,252000.0
2001-09-04,17.98,17.99,17.5,17.7,456900.0,0.0,1.0,17.98,17.99,17.5,17.7,456900.0
2001-08-31,17.82,18.06,16.75,17.99,777600.0,0.0,1.0,17.82,18.06,16.75,17.99,777600.0
2001-08-30,17.62,17.9,17.32,17.88,230300.0,0.0,1.0,17.62,17.9,17.32,17.88,230300.0
2001-08-29,18.0,18.09,17.11,17.87,1005900.0,0.0,1.0,18.0,18.09,17.11,17.87,1005900.0
2001-08-28,18.95,19.04,17.92,17.97,505900.0,0.0,1.0,18.95,19.04,17.92,17.97,505900.0
2001-08-27,19.28,19.3,18.58,18.99,206700.0,0.0,1.0,19.28,19.3,18.58,18.99,206700.0
2001-08-24,18.25,19.68,18.25,19.25,474200.0,0.0,1.0,18.25,19.68,18.25,19.25,474200.0
2001-08-23,18.5,18.84,18.23,18.24,202300.0,0.0,1.0,18.5,18.84,18.23,18.24,202300.0
2001-08-22,18.26,18.84,17.84,18.5,354900.0,0.0,1.0,18.26,18.84,17.84,18.5,354900.0
2001-08-21,19.29,19.49,18.26,18.27,240000.0,0.0,1.0,19.29,19.49,18.26,18.27,240000.0
2001-08-20,19.15,19.15,18.72,19.05,265400.0,0.0,1.0,19.15,19.15,18.72,19.05,265400.0
2001-08-17,19.35,19.36,18.82,19.05,226300.0,0.0,1.0,19.35,19.36,18.82,19.05,226300.0
2001-08-16,19.0,19.4,18.5,19.4,490300.0,0.0,1.0,19.0,19.4,18.5,19.4,490300.0
2001-08-15,19.75,19.75,18.8,18.86,259900.0,0.0,1.0,19.75,19.75,18.8,18.86,259900.0
2001-08-14,19.87,20.0,19.65,19.75,265700.0,0.0,1.0,19.87,20.0,19.65,19.75,265700.0
2001-08-13,19.65,19.91,18.98,19.88,293800.0,0.0,1.0,19.65,19.91,18.98,19.88,293800.0
2001-08-10,19.75,19.85,19.2,19.52,189000.0,0.0,1.0,19.75,19.85,19.2,19.52,189000.0
2001-08-09,19.6,19.77,19.0,19.68,345000.0,0.0,1.0,19.6,19.77,19.0,19.68,345000.0
2001-08-08,20.15,20.35,19.3,19.4,193700.0,0.0,1.0,20.15,20.35,19.3,19.4,193700.0
2001-08-07,20.25,20.45,20.0,20.15,208100.0,0.0,1.0,20.25,20.45,20.0,20.15,208100.0
2001-08-06,20.57,20.9,20.0,20.19,351400.0,0.0,1.0,20.57,20.9,20.0,20.19,351400.0
2001-08-03,20.9,20.94,20.3,20.64,282700.0,0.0,1.0,20.9,20.94,20.3,20.64,282700.0
2001-08-02,20.4,21.41,20.3,20.87,667400.0,0.0,1.0,20.4,21.41,20.3,20.87,667400.0
2001-08-01,21.51,22.0,18.95,19.9,2663500.0,0.0,1.0,21.51,22.0,18.95,19.9,2663500.0
2001-07-31,23.5,25.2,23.5,24.35,307500.0,0.0,1.0,23.5,25.2,23.5,24.35,307500.0
2001-07-30,24.59,24.59,23.73,23.79,261900.0,0.0,1.0,24.59,24.59,23.73,23.79,261900.0
2001-07-27,24.75,24.95,24.38,24.56,167300.0,0.0,1.0,24.75,24.95,24.38,24.56,167300.0
2001-07-26,24.1,24.98,24.02,24.67,206900.0,0.0,1.0,24.1,24.98,24.02,24.67,206900.0
2001-07-25,23.02,24.2,23.02,24.1,171900.0,0.0,1.0,23.02,24.2,23.02,24.1,171900.0
2001-07-24,24.0,24.3,22.96,23.06,437300.0,0.0,1.0,24.0,24.3,22.96,23.06,437300.0
2001-07-23,24.45,24.9,23.17,24.2,346600.0,0.0,1.0,24.45,24.9,23.17,24.2,346600.0
2001-07-20,24.73,24.85,24.1,24.25,354000.0,0.0,1.0,24.73,24.85,24.1,24.25,354000.0
2001-07-19,25.01,25.27,24.2,24.73,155400.0,0.0,1.0,25.01,25.27,24.2,24.73,155400.0
2001-07-18,24.7,25.22,24.65,24.87,261100.0,0.0,1.0,24.7,25.22,24.65,24.87,261100.0
2001-07-17,24.55,24.75,23.7,24.75,226700.0,0.0,1.0,24.55,24.75,23.7,24.75,226700.0
2001-07-16,24.59,25.25,24.23,24.71,324400.0,0.0,1.0,24.59,25.25,24.23,24.71,324400.0
2001-07-13,24.0,24.7,23.55,24.59,307000.0,0.0,1.0,24.0,24.7,23.55,24.59,307000.0
2001-07-12,23.0,24.33,23.0,24.0,547900.0,0.0,1.0,23.0,24.33,23.0,24.0,547900.0
2001-07-11,22.48,22.7,21.9,22.53,253100.0,0.0,1.0,22.48,22.7,21.9,22.53,253100.0
2001-07-10,23.3,23.5,22.45,22.47,193700.0,0.0,1.0,23.3,23.5,22.45,22.47,193700.0
2001-07-09,22.67,23.25,22.48,23.11,260100.0,0.0,1.0,22.67,23.25,22.48,23.11,260100.0
2001-07-06,23.15,23.15,22.35,22.67,271000.0,0.0,1.0,23.15,23.15,22.35,22.67,271000.0
2001-07-05,22.97,23.4,22.65,23.25,563800.0,0.0,1.0,22.97,23.4,22.65,23.25,563800.0
2001-07-03,22.8,23.0,22.38,22.97,232600.0,0.0,1.0,22.8,23.0,22.38,22.97,232600.0
2001-07-02,22.01,23.15,22.01,23.01,344400.0,0.0,1.0,22.01,23.15,22.01,23.01,344400.0
2001-06-29,21.5,22.26,21.42,22.04,319400.0,0.0,1.0,21.5,22.26,21.42,22.04,319400.0
2001-06-28,22.05,22.56,21.45,21.49,495900.0,0.0,1.0,22.05,22.56,21.45,21.49,495900.0
2001-06-27,21.9,22.3,21.81,21.85,297100.0,0.0,1.0,21.9,22.3,21.81,21.85,297100.0
2001-06-26,21.75,23.1,21.61,22.4,635500.0,0.0,1.0,21.75,23.1,21.61,22.4,635500.0
2001-06-25,23.0,23.25,22.0,22.28,255800.0,0.0,1.0,23.0,23.25,22.0,22.28,255800.0
2001-06-22,23.02,23.35,22.5,23.1,350900.0,0.0,1.0,23.02,23.35,22.5,23.1,350900.0
2001-06-21,23.0,23.3,22.5,23.06,502800.0,0.0,1.0,23.0,23.3,22.5,23.06,502800.0
2001-06-20,23.0,23.31,22.25,23.15,659700.0,0.0,1.0,23.0,23.31,22.25,23.15,659700.0
2001-06-19,24.5,24.75,22.61,23.04,883900.0,0.0,1.0,24.5,24.75,22.61,23.04,883900.0
2001-06-18,24.95,25.0,23.65,23.7,1418500.0,0.0,1.0,24.95,25.0,23.65,23.7,1418500.0
2001-06-15,25.0,25.7,20.13,24.95,7137900.0,0.0,1.0,25.0,25.7,20.13,24.95,7137900.0
2001-06-14,34.95,34.95,33.81,33.98,642900.0,0.0,1.0,34.95,34.95,33.81,33.98,642900.0
2001-06-13,34.62,35.45,34.53,35.0,348100.0,0.0,1.0,34.62,35.45,34.53,35.0,348100.0
2001-06-12,34.89,34.89,33.86,34.62,556900.0,0.0,1.0,34.89,34.89,33.86,34.62,556900.0
2001-06-11,36.25,36.25,35.05,35.26,331300.0,0.0,1.0,36.25,36.25,35.05,35.26,331300.0
2001-06-08,37.0,37.15,36.64,36.64,442300.0,0.0,1.0,37.0,37.15,36.64,36.64,442300.0
2001-06-07,35.89,36.4,35.29,36.11,576600.0,0.0,1.0,35.89,36.4,35.29,36.11,576600.0
2001-06-06,36.01,36.01,35.22,35.89,278300.0,0.0,1.0,36.01,36.01,35.22,35.89,278300.0
2001-06-05,34.01,36.6,34.0,36.0,940900.0,0.0,1.0,34.01,36.6,34.0,36.0,940900.0
2001-06-04,33.8,34.6,33.8,34.0,398100.0,0.0,1.0,33.8,34.6,33.8,34.0,398100.0
2001-06-01,33.89,34.1,33.4,33.8,610500.0,0.0,1.0,33.89,34.1,33.4,33.8,610500.0
2001-05-31,33.65,34.2,33.6,33.88,383300.0,0.0,1.0,33.65,34.2,33.6,33.88,383300.0
2001-05-30,34.4,34.95,33.38,33.53,709300.0,0.0,1.0,34.4,34.95,33.38,33.53,709300.0
2001-05-29,34.25,34.94,33.56,34.85,434900.0,0.0,1.0,34.25,34.94,33.56,34.85,434900.0
2001-05-25,34.95,34.98,33.9,34.25,712200.0,0.0,1.0,34.95,34.98,33.9,34.25,712200.0
2001-05-24,35.5,35.75,33.9,34.4,698800.0,0.0,1.0,35.5,35.75,33.9,34.4,698800.0
2001-05-23,36.74,36.74,35.47,35.65,384200.0,0.0,1.0,36.74,36.74,35.47,35.65,384200.0
2001-05-22,36.86,37.35,36.61,36.75,593400.0,0.0,1.0,36.86,37.35,36.61,36.75,593400.0
2001-05-21,36.8,37.1,36.2,36.87,737100.0,0.0,1.0,36.8,37.1,36.2,36.87,737100.0
2001-05-18,35.66,37.5,35.66,36.9,1573600.0,0.0,1.0,35.66,37.5,35.66,36.9,1573600.0
2001-05-17,32.75,35.75,32.65,35.66,1397500.0,0.0,1.0,32.75,35.75,32.65,35.66,1397500.0
2001-05-16,32.0,33.0,31.35,32.85,419800.0,0.0,1.0,32.0,33.0,31.35,32.85,419800.0
2001-05-15,31.1,32.5,30.8,32.5,542700.0,0.0,1.0,31.1,32.5,30.8,32.5,542700.0
2001-05-14,31.65,31.66,30.94,30.94,540000.0,0.0,1.0,31.65,31.66,30.94,30.94,540000.0
2001-05-11,31.55,32.05,31.4,31.87,869600.0,0.0,1.0,31.55,32.05,31.4,31.87,869600.0
2001-05-10,30.0,31.9,29.91,31.73,1810500.0,0.0,1.0,30.0,31.9,29.91,31.73,1810500.0
2001-05-09,28.9,30.02,28.87,30.0,764700.0,0.0,1.0,28.9,30.02,28.87,30.0,764700.0
2001-05-08,29.25,29.5,28.7,29.03,378500.0,0.0,1.0,29.25,29.5,28.7,29.03,378500.0
2001-05-07,29.7,29.75,29.0,29.21,408000.0,0.0,1.0,29.7,29.75,29.0,29.21,408000.0
2001-05-04,28.75,29.7,28.1,29.7,496100.0,0.0,1.0,28.75,29.7,28.1,29.7,496100.0
2001-05-03,29.0,29.25,28.6,28.85,404100.0,0.0,1.0,29.0,29.25,28.6,28.85,404100.0
2001-05-02,29.0,30.0,28.5,29.54,1630200.0,0.0,1.0,29.0,30.0,28.5,29.54,1630200.0
2001-05-01,25.69,28.09,25.65,27.71,634200.0,0.0,1.0,25.69,28.09,25.65,27.71,634200.0
2001-04-30,26.0,26.1,25.25,25.69,1012200.0,0.0,1.0,26.0,26.1,25.25,25.69,1012200.0
2001-04-27,25.7,26.3,25.55,26.24,599500.0,0.0,1.0,25.7,26.3,25.55,26.24,599500.0
2001-04-26,26.73,26.96,25.2,25.2,935100.0,0.0,1.0,26.73,26.96,25.2,25.2,935100.0
2001-04-25,27.4,27.48,26.72,26.72,626000.0,0.0,1.0,27.4,27.48,26.72,26.72,626000.0
2001-04-24,27.95,28.1,26.3,26.95,1197400.0,0.0,1.0,27.95,28.1,26.3,26.95,1197400.0
2001-04-23,28.07,29.37,27.9,29.2,551100.0,0.0,1.0,28.07,29.37,27.9,29.2,551100.0
2001-04-20,28.3,28.37,27.48,28.32,429800.0,0.0,1.0,28.3,28.37,27.48,28.32,429800.0
2001-04-19,27.9,28.92,27.85,28.39,607100.0,0.0,1.0,27.9,28.92,27.85,28.39,607100.0
2001-04-18,27.75,28.47,27.07,27.86,681100.0,0.0,1.0,27.75,28.47,27.07,27.86,681100.0
2001-04-17,25.0,26.45,24.95,26.25,414500.0,0.0,1.0,25.0,26.45,24.95,26.25,414500.0
2001-04-16,26.27,26.4,24.87,24.87,540800.0,0.0,1.0,26.27,26.4,24.87,24.87,540800.0
2001-04-12,25.52,26.25,24.6,26.02,515300.0,0.0,1.0,25.52,26.25,24.6,26.02,515300.0
2001-04-11,24.7,25.8,24.7,25.51,599700.0,0.0,1.0,24.7,25.8,24.7,25.51,599700.0
2001-04-10,22.3,23.94,22.27,23.91,381600.0,0.0,1.0,22.3,23.94,22.27,23.91,381600.0
2001-04-09,21.6,22.65,21.13,21.46,420800.0,0.0,1.0,21.6,22.65,21.13,21.46,420800.0
2001-04-06,22.15,22.15,21.16,21.39,511600.0,0.0,1.0,22.15,22.15,21.16,21.39,511600.0
2001-04-05,21.5,22.48,21.37,22.2,432100.0,0.0,1.0,21.5,22.48,21.37,22.2,432100.0
2001-04-04,21.45,21.7,20.95,21.1,302600.0,0.0,1.0,21.45,21.7,20.95,21.1,302600.0
2001-04-03,22.4,22.41,21.01,21.35,445000.0,0.0,1.0,22.4,22.41,21.01,21.35,445000.0
2001-04-02,22.33,23.53,21.85,22.52,396000.0,0.0,1.0,22.33,23.53,21.85,22.52,396000.0
2001-03-30,23.0,23.73,21.77,22.32,809300.0,0.0,1.0,23.0,23.73,21.77,22.32,809300.0
2001-03-29,22.97,22.97,22.16,22.61,551700.0,0.0,1.0,22.97,22.97,22.16,22.61,551700.0
2001-03-28,24.42,24.42,22.58,22.92,551900.0,0.0,1.0,24.42,24.42,22.58,22.92,551900.0
2001-03-27,23.95,24.5,23.79,24.42,360700.0,0.0,1.0,23.95,24.5,23.79,24.42,360700.0
2001-03-26,22.38,25.05,22.38,24.04,1007100.0,0.0,1.0,22.38,25.05,22.38,24.04,1007100.0
2001-03-23,21.4,22.45,20.95,22.37,420200.0,0.0,1.0,21.4,22.45,20.95,22.37,420200.0
2001-03-22,20.37,21.15,18.71,21.15,753600.0,0.0,1.0,20.37,21.15,18.71,21.15,753600.0
2001-03-21,21.97,22.5,20.25,20.59,434600.0,0.0,1.0,21.97,22.5,20.25,20.59,434600.0
2001-03-20,23.0,23.25,21.8,21.96,275900.0,0.0,1.0,23.0,23.25,21.8,21.96,275900.0
2001-03-19,22.2,23.02,21.5,23.0,397800.0,0.0,1.0,22.2,23.02,21.5,23.0,397800.0
2001-03-16,22.95,23.0,21.15,21.64,647700.0,0.0,1.0,22.95,23.0,21.15,21.64,647700.0
2001-03-15,23.5,23.5,22.75,22.94,345200.0,0.0,1.0,23.5,23.5,22.75,22.94,345200.0
2001-03-14,23.75,23.76,22.12,22.91,1113300.0,0.0,1.0,23.75,23.76,22.12,22.91,1113300.0
2001-03-13,23.0,24.11,22.59,23.75,739700.0,0.0,1.0,23.0,24.11,22.59,23.75,739700.0
2001-03-12,26.0,26.0,24.01,24.26,530100.0,0.0,1.0,26.0,26.0,24.01,24.26,530100.0
2001-03-09,26.5,26.5,25.54,25.85,404900.0,0.0,1.0,26.5,26.5,25.54,25.85,404900.0
2001-03-08,28.0,28.01,25.85,26.95,544900.0,0.0,1.0,28.0,28.01,25.85,26.95,544900.0
2001-03-07,28.0,28.23,27.95,28.21,225100.0,0.0,1.0,28.0,28.23,27.95,28.21,225100.0
2001-03-06,27.73,28.2,27.24,27.79,328600.0,0.0,1.0,27.73,28.2,27.24,27.79,328600.0
2001-03-05,28.0,28.0,26.47,27.51,444500.0,0.0,1.0,28.0,28.0,26.47,27.51,444500.0
2001-03-02,26.0,26.75,25.4,26.19,528800.0,0.0,1.0,26.0,26.75,25.4,26.19,528800.0
2001-03-01,27.51,27.51,25.68,26.55,559300.0,0.0,1.0,27.51,27.51,25.68,26.55,559300.0
2001-02-28,28.75,28.75,27.05,27.61,480700.0,0.0,1.0,28.75,28.75,27.05,27.61,480700.0
2001-02-27,30.81,30.81,28.25,28.7,954600.0,0.0,1.0,30.81,30.81,28.25,28.7,954600.0
2001-02-26,29.85,31.0,29.81,30.81,419600.0,0.0,1.0,29.85,31.0,29.81,30.81,419600.0
2001-02-23,29.1,29.4,28.55,29.2,667600.0,0.0,1.0,29.1,29.4,28.55,29.2,667600.0
2001-02-22,27.8,29.25,27.7,28.85,1073400.0,0.0,1.0,27.8,29.25,27.7,28.85,1073400.0
2001-02-21,27.1,27.55,26.47,26.48,261700.0,0.0,1.0,27.1,27.55,26.47,26.48,261700.0
2001-02-20,28.1,28.35,27.0,27.51,338100.0,0.0,1.0,28.1,28.35,27.0,27.51,338100.0
2001-02-16,28.65,28.65,27.67,28.02,460100.0,0.0,1.0,28.65,28.65,27.67,28.02,460100.0
2001-02-15,29.9,30.65,29.75,30.05,327900.0,0.0,1.0,29.9,30.65,29.75,30.05,327900.0
2001-02-14,28.0,29.25,28.0,29.13,313100.0,0.0,1.0,28.0,29.25,28.0,29.13,313100.0
2001-02-13,29.05,29.49,27.5,27.81,416900.0,0.0,1.0,29.05,29.49,27.5,27.81,416900.0
2001-02-12,28.85,29.0,28.0,28.89,416700.0,0.0,1.0,28.85,29.0,28.0,28.89,416700.0
2001-02-09,30.15,30.16,28.55,28.61,418000.0,0.0,1.0,30.15,30.16,28.55,28.61,418000.0
2001-02-08,30.5,31.8,30.22,30.4,301400.0,0.0,1.0,30.5,31.8,30.22,30.4,301400.0
2001-02-07,30.1,31.0,29.72,30.75,484200.0,0.0,1.0,30.1,31.0,29.72,30.75,484200.0
2001-02-06,31.79,31.99,30.0,30.1,382800.0,0.0,1.0,31.79,31.99,30.0,30.1,382800.0
2001-02-05,31.8,31.92,31.01,31.79,335700.0,0.0,1.0,31.8,31.92,31.01,31.79,335700.0
2001-02-02,32.25,33.2,31.61,31.61,194300.0,0.0,1.0,32.25,33.2,31.61,31.61,194300.0
2001-02-01,32.24,33.8,32.24,32.94,343900.0,0.0,1.0,32.24,33.8,32.24,32.94,343900.0
2001-01-31,31.2,32.5,31.1,32.24,639300.0,0.0,1.0,31.2,32.5,31.1,32.24,639300.0
2001-01-30,33.25,34.0,32.51,33.16,375100.0,0.0,1.0,33.25,34.0,32.51,33.16,375100.0
2001-01-29,33.5,33.5,32.41,33.28,578100.0,0.0,1.0,33.5,33.5,32.41,33.28,578100.0
2001-01-26,30.5,34.25,29.88,34.25,2298600.0,0.0,1.0,30.5,34.25,29.88,34.25,2298600.0
2001-01-25,35.38,35.38,34.38,35.19,300500.0,0.0,1.0,35.38,35.38,34.38,35.19,300500.0
2001-01-24,33.56,36.5,32.5,35.44,1110500.0,0.0,1.0,33.56,36.5,32.5,35.44,1110500.0
2001-01-23,29.94,33.56,29.88,33.56,466400.0,0.0,1.0,29.94,33.56,29.88,33.56,466400.0
2001-01-22,30.0,30.19,29.5,29.88,250800.0,0.0,1.0,30.0,30.19,29.5,29.88,250800.0
2001-01-19,30.38,30.38,29.38,30.0,400900.0,0.0,1.0,30.38,30.38,29.38,30.0,400900.0
2001-01-18,30.75,30.81,29.75,30.12,309500.0,0.0,1.0,30.75,30.81,29.75,30.12,309500.0
2001-01-17,31.25,32.38,30.88,30.94,236900.0,0.0,1.0,31.25,32.38,30.88,30.94,236900.0
2001-01-16,30.94,31.5,30.56,30.75,456100.0,0.0,1.0,30.94,31.5,30.56,30.75,456100.0
2001-01-12,30.62,30.88,29.44,30.56,193000.0,0.0,1.0,30.62,30.88,29.44,30.56,193000.0
2001-01-11,27.38,30.75,27.38,30.5,411400.0,0.0,1.0,27.38,30.75,27.38,30.5,411400.0
2001-01-10,27.5,27.81,25.5,27.62,549800.0,0.0,1.0,27.5,27.81,25.5,27.62,549800.0
2001-01-09,27.75,28.5,26.75,27.56,422500.0,0.0,1.0,27.75,28.5,26.75,27.56,422500.0
2001-01-08,29.88,29.88,27.56,27.81,538300.0,0.0,1.0,29.88,29.88,27.56,27.81,538300.0
2001-01-05,32.38,32.62,29.31,29.88,454000.0,0.0,1.0,32.38,32.62,29.31,29.88,454000.0
2001-01-04,31.56,32.19,30.62,32.12,440300.0,0.0,1.0,31.56,32.19,30.62,32.12,440300.0
2001-01-03,29.25,32.06,29.06,31.69,532200.0,0.0,1.0,29.25,32.06,29.06,31.69,532200.0
2001-01-02,32.19,32.19,29.0,29.44,238500.0,0.0,1.0,32.19,32.19,29.0,29.44,238500.0
2000-12-29,33.0,33.56,32.0,32.19,305100.0,0.0,1.0,33.0,33.56,32.0,32.19,305100.0
2000-12-28,30.19,32.5,30.0,32.5,320300.0,0.0,1.0,30.19,32.5,30.0,32.5,320300.0
2000-12-27,30.06,31.62,29.19,29.94,423500.0,0.0,1.0,30.06,31.62,29.19,29.94,423500.0
2000-12-26,29.88,30.25,29.06,30.12,307700.0,0.0,1.0,29.88,30.25,29.06,30.12,307700.0
2000-12-22,28.94,29.19,28.06,29.12,364100.0,0.0,1.0,28.94,29.19,28.06,29.12,364100.0
2000-12-21,30.0,30.12,28.75,28.88,465000.0,0.0,1.0,30.0,30.12,28.75,28.88,465000.0
2000-12-20,30.25,30.5,29.62,29.94,620500.0,0.0,1.0,30.25,30.5,29.62,29.94,620500.0
2000-12-19,30.12,31.94,29.75,30.94,896300.0,0.0,1.0,30.12,31.94,29.75,30.94,896300.0
2000-12-18,30.94,31.5,28.88,28.88,505000.0,0.0,1.0,30.94,31.5,28.88,28.88,505000.0
2000-12-15,31.0,31.5,29.62,30.0,647200.0,0.0,1.0,31.0,31.5,29.62,30.0,647200.0
2000-12-14,34.0,34.0,32.5,32.62,247600.0,0.0,1.0,34.0,34.0,32.5,32.62,247600.0
2000-12-13,36.94,37.44,35.12,35.5,534800.0,0.0,1.0,36.94,37.44,35.12,35.5,534800.0
2000-12-12,35.69,37.44,35.5,36.81,351400.0,0.0,1.0,35.69,37.44,35.5,36.81,351400.0
2000-12-11,34.0,36.25,33.75,35.94,367100.0,0.0,1.0,34.0,36.25,33.75,35.94,367100.0
2000-12-08,34.25,34.5,33.69,34.38,421400.0,0.0,1.0,34.25,34.5,33.69,34.38,421400.0
2000-12-07,34.12,34.81,33.5,33.62,162600.0,0.0,1.0,34.12,34.81,33.5,33.62,162600.0
2000-12-06,35.88,36.19,34.5,34.75,239000.0,0.0,1.0,35.88,36.19,34.5,34.75,239000.0
2000-12-05,33.5,35.81,33.5,35.81,417800.0,0.0,1.0,33.5,35.81,33.5,35.81,417800.0
2000-12-04,31.62,32.5,30.88,32.31,256100.0,0.0,1.0,31.62,32.5,30.88,32.31,256100.0
2000-12-01,31.62,34.0,31.5,31.81,288700.0,0.0,1.0,31.62,34.0,31.5,31.81,288700.0
2000-11-30,30.88,31.19,29.31,31.19,359300.0,0.0,1.0,30.88,31.19,29.31,31.19,359300.0
2000-11-29,33.81,33.81,29.0,31.12,941700.0,0.0,1.0,33.81,33.81,29.0,31.12,941700.0
2000-11-28,36.94,37.62,34.25,34.69,608600.0,0.0,1.0,36.94,37.62,34.25,34.69,608600.0
2000-11-27,35.44,37.0,35.44,36.56,199900.0,0.0,1.0,35.44,37.0,35.44,36.56,199900.0
2000-11-24,34.69,35.44,34.5,35.19,130500.0,0.0,1.0,34.69,35.44,34.5,35.19,130500.0
2000-11-22,36.12,36.12,33.5,34.44,349600.0,0.0,1.0,36.12,36.12,33.5,34.44,349600.0
2000-11-21,35.31,36.81,34.88,36.38,206700.0,0.0,1.0,35.31,36.81,34.88,36.38,206700.0
2000-11-20,35.94,35.94,35.0,35.44,250600.0,0.0,1.0,35.94,35.94,35.0,35.44,250600.0
2000-11-17,36.75,36.88,35.75,36.19,147500.0,0.0,1.0,36.75,36.88,35.75,36.19,147500.0
2000-11-16,37.5,37.56,36.06,36.19,172600.0,0.0,1.0,37.5,37.56,36.06,36.19,172600.0
2000-11-15,36.88,38.19,36.81,37.38,272000.0,0.0,1.0,36.88,38.19,36.81,37.38,272000.0
2000-11-14,34.5,37.44,34.5,37.0,345900.0,0.0,1.0,34.5,37.44,34.5,37.0,345900.0
2000-11-13,33.5,34.0,32.12,33.94,355000.0,0.0,1.0,33.5,34.0,32.12,33.94,355000.0
2000-11-10,35.94,35.94,34.06,34.38,376200.0,0.0,1.0,35.94,35.94,34.06,34.38,376200.0
2000-11-09,36.5,36.5,33.0,35.94,495600.0,0.0,1.0,36.5,36.5,33.0,35.94,495600.0
2000-11-08,36.5,37.5,36.44,36.69,233200.0,0.0,1.0,36.5,37.5,36.44,36.69,233200.0
2000-11-07,37.88,38.31,36.44,36.75,322600.0,0.0,1.0,37.88,38.31,36.44,36.75,322600.0
2000-11-06,37.81,38.94,37.5,38.12,407200.0,0.0,1.0,37.81,38.94,37.5,38.12,407200.0
2000-11-03,35.12,38.31,35.0,37.56,782000.0,0.0,1.0,35.12,38.31,35.0,37.56,782000.0
2000-11-02,34.0,35.25,33.88,35.06,640000.0,0.0,1.0,34.0,35.25,33.88,35.06,640000.0
2000-11-01,32.88,34.19,32.12,33.44,892100.0,0.0,1.0,32.88,34.19,32.12,33.44,892100.0
2000-10-31,30.12,32.0,30.12,31.06,420400.0,0.0,1.0,30.12,32.0,30.12,31.06,420400.0
2000-10-30,31.88,31.88,29.62,29.62,312800.0,0.0,1.0,31.88,31.88,29.62,29.62,312800.0
2000-10-27,29.44,32.12,29.44,32.12,544000.0,0.0,1.0,29.44,32.12,29.44,32.12,544000.0
2000-10-26,28.31,29.88,27.56,29.31,429700.0,0.0,1.0,28.31,29.88,27.56,29.31,429700.0
2000-10-25,28.88,29.81,28.38,28.44,401400.0,0.0,1.0,28.88,29.81,28.38,28.44,401400.0
2000-10-24,28.81,29.94,28.31,29.62,422700.0,0.0,1.0,28.81,29.94,28.31,29.62,422700.0
2000-10-23,27.62,29.19,27.31,28.56,467000.0,0.0,1.0,27.62,29.19,27.31,28.56,467000.0
2000-10-20,26.5,27.94,26.5,27.38,318700.0,0.0,1.0,26.5,27.94,26.5,27.38,318700.0
2000-10-19,26.5,27.5,26.19,26.69,512000.0,0.0,1.0,26.5,27.5,26.19,26.69,512000.0
2000-10-18,24.88,25.81,24.0,25.81,386200.0,0.0,1.0,24.88,25.81,24.0,25.81,386200.0
2000-10-17,25.75,26.25,24.94,25.62,495300.0,0.0,1.0,25.75,26.25,24.94,25.62,495300.0
2000-10-16,24.88,26.75,24.75,26.0,460700.0,0.0,1.0,24.88,26.75,24.75,26.0,460700.0
2000-10-13,23.19,25.38,23.19,24.62,420000.0,0.0,1.0,23.19,25.38,23.19,24.62,420000.0
2000-10-12,24.56,24.94,22.75,22.75,491600.0,0.0,1.0,24.56,24.94,22.75,22.75,491600.0
2000-10-11,25.5,25.81,23.75,24.44,351600.0,0.0,1.0,25.5,25.81,23.75,24.44,351600.0
2000-10-10,26.5,28.25,25.5,26.12,486900.0,0.0,1.0,26.5,28.25,25.5,26.12,486900.0
2000-10-09,24.56,27.38,24.56,26.94,578000.0,0.0,1.0,24.56,27.38,24.56,26.94,578000.0
2000-10-06,26.44,27.25,23.56,25.25,805000.0,0.0,1.0,26.44,27.25,23.56,25.25,805000.0
2000-10-05,24.94,26.44,24.94,26.44,878200.0,0.0,1.0,24.94,26.44,24.94,26.44,878200.0
2000-10-04,24.0,25.5,23.56,25.19,808000.0,0.0,1.0,24.0,25.5,23.56,25.19,808000.0
2000-10-03,26.0,26.69,24.0,24.62,1021300.0,0.0,1.0,26.0,26.69,24.0,24.62,1021300.0
2000-10-02,27.62,27.81,25.5,26.62,750500.0,0.0,1.0,27.62,27.81,25.5,26.62,750500.0
2000-09-29,28.44,28.62,27.12,28.38,1236500.0,0.0,1.0,28.44,28.62,27.12,28.38,1236500.0
2000-09-28,28.56,30.5,25.62,30.0,3286000.0,0.0,1.0,28.56,30.5,25.62,30.0,3286000.0
2000-09-27,31.0,31.62,28.5,28.56,1989900.0,0.0,1.0,31.0,31.62,28.5,28.56,1989900.0
2000-09-26,35.38,35.75,29.81,31.0,1202600.0,0.0,1.0,35.38,35.75,29.81,31.0,1202600.0
2000-09-25,35.75,37.25,35.5,35.94,727900.0,0.0,1.0,35.75,37.25,35.5,35.94,727900.0
2000-09-22,34.88,36.38,34.81,35.25,715900.0,0.0,1.0,34.88,36.38,34.81,35.25,715900.0
2000-09-21,40.19,40.19,34.5,34.75,657700.0,0.0,1.0,40.19,40.19,34.5,34.75,657700.0
2000-09-20,40.25,40.44,39.06,40.31,168200.0,0.0,1.0,40.25,40.44,39.06,40.31,168200.0
2000-09-19,39.62,40.38,39.25,40.0,288900.0,0.0,1.0,39.62,40.38,39.25,40.0,288900.0
2000-09-18,43.0,43.0,39.25,39.31,454500.0,0.0,1.0,43.0,43.0,39.25,39.31,454500.0
2000-09-15,44.75,45.5,43.19,43.75,220600.0,0.0,1.0,44.75,45.5,43.19,43.75,220600.0
2000-09-14,43.5,45.38,43.5,44.94,310200.0,0.0,1.0,43.5,45.38,43.5,44.94,310200.0
2000-09-13,46.12,46.5,42.88,43.56,282700.0,0.0,1.0,46.12,46.5,42.88,43.56,282700.0
2000-09-12,46.5,46.5,45.12,46.19,337600.0,0.0,1.0,46.5,46.5,45.12,46.19,337600.0
2000-09-11,45.06,46.56,45.06,46.0,275800.0,0.0,1.0,45.06,46.56,45.06,46.0,275800.0
2000-09-08,47.0,47.0,45.31,45.31,150200.0,0.0,1.0,47.0,47.0,45.31,45.31,150200.0
2000-09-07,46.75,47.44,45.75,47.0,327000.0,0.0,1.0,46.75,47.44,45.75,47.0,327000.0
2000-09-06,46.94,46.94,44.62,46.81,337400.0,0.0,1.0,46.94,46.94,44.62,46.81,337400.0
2000-09-05,47.06,47.25,46.12,46.69,205300.0,0.0,1.0,47.06,47.25,46.12,46.69,205300.0
2000-09-01,47.25,47.88,45.19,47.06,246100.0,0.0,1.0,47.25,47.88,45.19,47.06,246100.0
2000-08-31,45.12,47.25,45.12,46.75,487600.0,0.0,1.0,45.12,47.25,45.12,46.75,487600.0
2000-08-30,46.0,46.5,43.69,45.5,695200.0,0.0,1.0,46.0,46.5,43.69,45.5,695200.0
2000-08-29,43.38,45.94,43.25,45.69,553000.0,0.0,1.0,43.38,45.94,43.25,45.69,553000.0
2000-08-28,43.75,44.88,42.44,42.88,414900.0,0.0,1.0,43.75,44.88,42.44,42.88,414900.0
2000-08-25,43.44,44.94,42.0,43.06,420300.0,0.0,1.0,43.44,44.94,42.0,43.06,420300.0
2000-08-24,44.56,45.0,42.5,43.44,781800.0,0.0,1.0,44.56,45.0,42.5,43.44,781800.0
2000-08-23,38.62,45.25,38.62,45.0,775300.0,0.0,1.0,38.62,45.25,38.62,45.0,775300.0
2000-08-22,38.0,38.75,37.81,38.38,243000.0,0.0,1.0,38.0,38.75,37.81,38.38,243000.0
2000-08-21,37.19,39.0,37.19,37.75,374400.0,0.0,1.0,37.19,39.0,37.19,37.75,374400.0
2000-08-18,37.69,37.75,36.5,36.69,244300.0,0.0,1.0,37.69,37.75,36.5,36.69,244300.0
2000-08-17,37.12,37.81,36.81,37.81,242400.0,0.0,1.0,37.12,37.81,36.81,37.81,242400.0
2000-08-16,36.94,37.94,36.81,37.5,159200.0,0.0,1.0,36.94,37.94,36.81,37.5,159200.0
2000-08-15,38.0,38.38,36.81,36.81,388800.0,0.0,1.0,38.0,38.38,36.81,36.81,388800.0
2000-08-14,37.75,38.5,35.5,38.5,331900.0,0.0,1.0,37.75,38.5,35.5,38.5,331900.0
2000-08-11,37.69,38.31,36.75,38.0,285800.0,0.0,1.0,37.69,38.31,36.75,38.0,285800.0
2000-08-10,36.94,38.88,36.94,37.88,597400.0,0.0,1.0,36.94,38.88,36.94,37.88,597400.0
2000-08-09,41.31,41.5,34.12,36.81,1578700.0,0.0,1.0,41.31,41.5,34.12,36.81,1578700.0
2000-08-08,44.0,44.0,40.75,40.94,309400.0,0.0,1.0,44.0,44.0,40.75,40.94,309400.0
2000-08-07,42.25,42.81,41.75,42.5,388300.0,0.0,1.0,42.25,42.81,41.75,42.5,388300.0
2000-08-04,44.25,44.62,41.75,41.94,537300.0,0.0,1.0,44.25,44.62,41.75,41.94,537300.0
2000-08-03,45.0,45.5,44.19,44.38,338100.0,0.0,1.0,45.0,45.5,44.19,44.38,338100.0
2000-08-02,47.12,47.75,44.75,45.12,519600.0,0.0,1.0,47.12,47.75,44.75,45.12,519600.0
2000-08-01,45.75,46.12,45.31,46.0,365000.0,0.0,1.0,45.75,46.12,45.31,46.0,365000.0
2000-07-31,45.44,47.25,45.0,45.75,387600.0,0.0,1.0,45.44,47.25,45.0,45.75,387600.0
2000-07-28,44.44,44.69,43.75,44.69,605300.0,0.0,1.0,44.44,44.69,43.75,44.69,605300.0
2000-07-27,47.5,47.5,44.31,44.75,560700.0,0.0,1.0,47.5,47.5,44.31,44.75,560700.0
2000-07-26,46.38,47.5,45.94,47.5,846300.0,0.0,1.0,46.38,47.5,45.94,47.5,846300.0
2000-07-25,45.0,46.0,44.94,45.94,699500.0,0.0,1.0,45.0,46.0,44.94,45.94,699500.0
2000-07-24,44.25,45.12,43.88,44.62,486700.0,0.0,1.0,44.25,45.12,43.88,44.62,486700.0
2000-07-21,45.0,45.0,43.69,43.81,574700.0,0.0,1.0,45.0,45.0,43.69,43.81,574700.0
2000-07-20,44.5,45.5,44.25,44.75,2489800.0,0.0,1.0,44.5,45.5,44.25,44.75,2489800.0
2000-07-19,43.69,43.69,41.25,42.94,1299800.0,0.0,1.0,43.69,43.69,41.25,42.94,1299800.0
2000-07-18,43.81,44.69,43.5,43.81,674000.0,0.0,1.0,43.81,44.69,43.5,43.81,674000.0
2000-07-17,46.0,46.31,43.12,43.69,701200.0,0.0,1.0,46.0,46.31,43.12,43.69,701200.0
2000-07-14,47.31,47.31,45.0,46.0,636900.0,0.0,1.0,47.31,47.31,45.0,46.0,636900.0
2000-07-13,48.56,49.44,46.19,47.31,390700.0,0.0,1.0,48.56,49.44,46.19,47.31,390700.0
2000-07-12,45.88,48.62,45.75,48.31,754300.0,0.0,1.0,45.88,48.62,45.75,48.31,754300.0
2000-07-11,50.75,50.75,44.0,45.25,2169400.0,0.0,1.0,50.75,50.75,44.0,45.25,2169400.0
2000-07-10,57.0,57.06,51.62,51.75,1009800.0,0.0,1.0,57.0,57.06,51.62,51.75,1009800.0
2000-07-07,58.75,59.88,56.75,56.75,308700.0,0.0,1.0,58.75,59.88,56.75,56.75,308700.0
2000-07-06,58.12,58.69,55.25,58.5,626300.0,0.0,1.0,58.12,58.69,55.25,58.5,626300.0
2000-07-05,54.0,58.75,53.56,58.12,802400.0,0.0,1.0,54.0,58.75,53.56,58.12,802400.0
2000-07-03,54.25,54.75,53.75,54.0,285000.0,0.0,1.0,54.25,54.75,53.75,54.0,285000.0
2000-06-30,51.38,55.0,47.5,55.0,2420100.0,0.0,1.0,51.38,55.0,47.5,55.0,2420100.0
2000-06-29,55.0,55.25,51.06,51.94,955400.0,0.0,1.0,55.0,55.25,51.06,51.94,955400.0
2000-06-28,56.88,56.88,53.25,55.25,896200.0,0.0,1.0,56.88,56.88,53.25,55.25,896200.0
2000-06-27,57.06,59.38,56.62,56.88,565700.0,0.0,1.0,57.06,59.38,56.62,56.88,565700.0
2000-06-26,57.94,58.0,56.0,57.0,299000.0,0.0,1.0,57.94,58.0,56.0,57.0,299000.0
2000-06-23,57.94,58.38,56.81,57.75,591100.0,0.0,1.0,57.94,58.38,56.81,57.75,591100.0
2000-06-22,58.44,58.5,57.06,57.81,340300.0,0.0,1.0,58.44,58.5,57.06,57.81,340300.0
2000-06-21,59.94,60.25,57.75,58.31,408700.0,0.0,1.0,59.94,60.25,57.75,58.31,408700.0
2000-06-20,61.94,61.94,59.5,59.69,522200.0,0.0,1.0,61.94,61.94,59.5,59.69,522200.0
2000-06-19,63.0,63.12,60.0,60.69,469600.0,0.0,1.0,63.0,63.12,60.0,60.69,469600.0
2000-06-16,61.56,62.12,59.81,62.06,841900.0,0.0,1.0,61.56,62.12,59.81,62.06,841900.0
2000-06-15,58.56,61.88,58.06,61.5,790600.0,0.0,1.0,58.56,61.88,58.06,61.5,790600.0
2000-06-14,58.0,60.0,58.0,58.56,420200.0,0.0,1.0,58.0,60.0,58.0,58.56,420200.0
2000-06-13,57.94,58.56,56.88,57.69,518200.0,0.0,1.0,57.94,58.56,56.88,57.69,518200.0
2000-06-12,58.12,59.62,57.56,57.94,602300.0,0.0,1.0,58.12,59.62,57.56,57.94,602300.0
2000-06-09,57.38,58.38,56.62,57.38,439300.0,0.0,1.0,57.38,58.38,56.62,57.38,439300.0
2000-06-08,57.12,59.25,57.12,57.31,1206200.0,0.0,1.0,57.12,59.25,57.12,57.31,1206200.0
2000-06-07,53.25,58.38,53.25,56.88,3724500.0,0.0,1.0,53.25,58.38,53.25,56.88,3724500.0
2000-06-06,53.0,53.88,52.06,53.0,834800.0,0.0,1.0,53.0,53.88,52.06,53.0,834800.0
2000-06-05,49.62,49.62,48.0,49.31,228100.0,0.0,1.0,49.62,49.62,48.0,49.31,228100.0
2000-06-02,50.25,51.75,48.0,49.62,343500.0,0.0,1.0,50.25,51.75,48.0,49.62,343500.0
2000-06-01,48.62,49.5,47.94,49.5,208200.0,0.0,1.0,48.62,49.5,47.94,49.5,208200.0
2000-05-31,47.88,50.44,46.88,49.0,482300.0,0.0,1.0,47.88,50.44,46.88,49.0,482300.0
2000-05-30,45.62,48.12,45.38,47.5,454000.0,0.0,1.0,45.62,48.12,45.38,47.5,454000.0
2000-05-26,44.75,45.62,43.69,44.94,232700.0,0.0,1.0,44.75,45.62,43.69,44.94,232700.0
2000-05-25,45.0,47.94,43.25,44.5,667400.0,0.0,1.0,45.0,47.94,43.25,44.5,667400.0
2000-05-24,47.56,47.56,40.75,43.94,883300.0,0.0,1.0,47.56,47.56,40.75,43.94,883300.0
2000-05-23,50.0,50.0,47.12,47.81,536400.0,0.0,1.0,50.0,50.0,47.12,47.81,536400.0
2000-05-22,51.88,52.75,50.0,50.44,382900.0,0.0,1.0,51.88,52.75,50.0,50.44,382900.0
2000-05-19,52.0,52.25,50.0,51.38,245000.0,0.0,1.0,52.0,52.25,50.0,51.38,245000.0
2000-05-18,54.62,55.38,52.5,52.69,231200.0,0.0,1.0,54.62,55.38,52.5,52.69,231200.0
2000-05-17,53.75,54.94,53.38,54.81,205600.0,0.0,1.0,53.75,54.94,53.38,54.81,205600.0
2000-05-16,53.31,54.62,53.19,54.06,374600.0,0.0,1.0,53.31,54.62,53.19,54.06,374600.0
2000-05-15,52.81,54.0,51.25,52.56,361000.0,0.0,1.0,52.81,54.0,51.25,52.56,361000.0
2000-05-12,55.62,56.88,52.75,52.75,573500.0,0.0,1.0,55.62,56.88,52.75,52.75,573500.0
2000-05-11,50.5,55.75,50.5,55.62,760400.0,0.0,1.0,50.5,55.75,50.5,55.62,760400.0
2000-05-10,52.19,52.19,47.62,49.44,537200.0,0.0,1.0,52.19,52.19,47.62,49.44,537200.0
2000-05-09,53.0,54.0,51.5,52.31,490700.0,0.0,1.0,53.0,54.0,51.5,52.31,490700.0
2000-05-08,55.75,55.75,52.56,52.81,503800.0,0.0,1.0,55.75,55.75,52.56,52.81,503800.0
2000-05-05,52.88,57.88,52.38,55.62,875900.0,0.0,1.0,52.88,57.88,52.38,55.62,875900.0
2000-05-04,53.0,54.0,50.31,52.62,1430600.0,0.0,1.0,53.0,54.0,50.31,52.62,1430600.0
2000-05-03,48.94,48.94,46.81,47.69,350100.0,0.0,1.0,48.94,48.94,46.81,47.69,350100.0
2000-05-02,49.75,50.5,49.0,49.19,420800.0,0.0,1.0,49.75,50.5,49.0,49.19,420800.0
2000-05-01,46.62,49.75,46.62,49.75,576800.0,0.0,1.0,46.62,49.75,46.62,49.75,576800.0
2000-04-28,41.62,47.0,41.62,46.44,638900.0,0.0,1.0,41.62,47.0,41.62,46.44,638900.0
2000-04-27,40.31,41.69,39.5,41.44,133000.0,0.0,1.0,40.31,41.69,39.5,41.44,133000.0
2000-04-26,41.75,42.56,39.88,40.25,168500.0,0.0,1.0,41.75,42.56,39.88,40.25,168500.0
2000-04-25,39.5,41.81,39.5,41.75,211000.0,0.0,1.0,39.5,41.81,39.5,41.75,211000.0
2000-04-24,41.75,41.81,39.19,39.5,288900.0,0.0,1.0,41.75,41.81,39.19,39.5,288900.0
2000-04-20,41.06,42.69,41.06,42.0,226200.0,0.0,1.0,41.06,42.69,41.06,42.0,226200.0
2000-04-19,39.56,41.38,39.0,41.0,288900.0,0.0,1.0,39.56,41.38,39.0,41.0,288900.0
2000-04-18,37.0,39.69,36.75,39.31,371800.0,0.0,1.0,37.0,39.69,36.75,39.31,371800.0
2000-04-17,38.5,38.75,36.25,37.38,587300.0,0.0,1.0,38.5,38.75,36.25,37.38,587300.0
2000-04-14,39.25,39.25,37.0,39.25,692300.0,0.0,1.0,39.25,39.25,37.0,39.25,692300.0
2000-04-13,41.5,42.0,39.0,40.25,347100.0,0.0,1.0,41.5,42.0,39.0,40.25,347100.0
2000-04-12,40.25,42.88,40.19,41.5,277000.0,0.0,1.0,40.25,42.88,40.19,41.5,277000.0
2000-04-11,41.75,41.75,39.56,40.0,419600.0,0.0,1.0,41.75,41.75,39.56,40.0,419600.0
2000-04-10,41.38,43.44,40.12,41.94,240300.0,0.0,1.5,41.38,43.44,40.12,41.94,240300.0
2000-04-07,61.88,63.0,59.25,61.19,349866.6666666667,0.0,1.0,41.25333333333333,42.0,39.5,40.79333333333333,524800.0
2000-04-06,59.13,61.88,58.88,61.62,356266.6666666667,0.0,1.0,39.42,41.25333333333333,39.25333333333333,41.08,534400.0
2000-04-05,53.88,59.62,51.0,58.88,551200.0,0.0,1.0,35.92,39.74666666666666,34.0,39.25333333333333,826800.0
2000-04-04,63.0,63.31,53.0,53.88,589400.0,0.0,1.0,42.0,42.20666666666666,35.33333333333333,35.92,884100.0
2000-04-03,61.25,63.94,60.75,63.0,311466.6666666667,0.0,1.0,40.83333333333333,42.626666666666665,40.5,42.0,467200.0
2000-03-31,60.75,62.0,60.0,60.69,304200.0,0.0,1.0,40.5,41.33333333333333,40.0,40.459999999999994,456300.0
2000-03-30,58.12,60.87,57.25,60.0,432400.0,0.0,1.0,38.74666666666666,40.58,38.166666666666664,40.0,648600.0
2000-03-29,60.0,60.12,56.75,58.06,335800.0,0.0,1.0,40.0,40.08,37.83333333333333,38.70666666666666,503700.0
2000-03-28,63.12,63.5,59.75,60.0,358666.6666666667,0.0,1.0,42.08,42.33333333333333,39.83333333333333,40.0,538000.0
2000-03-27,67.88,70.25,63.0,63.0,671600.0,0.0,1.0,45.25333333333333,46.83333333333333,42.0,42.0,1007400.0
2000-03-24,62.0,65.62,62.0,65.0,344200.0,0.0,1.0,41.33333333333333,43.74666666666667,41.33333333333333,43.33333333333333,516300.0
2000-03-23,56.25,62.0,56.13,62.0,543400.0,0.0,1.0,37.5,41.33333333333333,37.42,41.33333333333333,815100.0
2000-03-22,57.5,57.5,56.0,56.5,330066.6666666667,0.0,1.0,38.33333333333333,38.33333333333333,37.33333333333333,37.666666666666664,495100.0
2000-03-21,58.38,58.5,57.44,57.75,466666.6666666667,0.0,1.0,38.92,39.0,38.29333333333333,38.5,700000.0
2000-03-20,59.69,60.0,58.5,58.62,277066.6666666667,0.0,1.0,39.79333333333333,40.0,39.0,39.08,415600.0
2000-03-17,58.0,59.44,58.0,59.13,213800.0,0.0,1.0,38.666666666666664,39.626666666666665,38.666666666666664,39.42,320700.0
2000-03-16,56.44,58.0,56.0,57.94,428266.6666666667,0.0,1.0,37.626666666666665,38.666666666666664,37.33333333333333,38.626666666666665,642400.0
2000-03-15,55.5,56.88,51.25,56.56,604000.0,0.0,1.0,37.0,37.92,34.166666666666664,37.70666666666666,906000.0
2000-03-14,55.0,56.25,54.38,54.94,495800.0,0.0,1.0,36.666666666666664,37.5,36.25333333333333,36.626666666666665,743700.0
2000-03-13,50.75,53.25,49.75,52.25,520800.0,0.0,1.0,33.83333333333333,35.5,33.166666666666664,34.83333333333333,781200.0
2000-03-10,47.75,51.63,47.69,50.75,541200.0,0.0,1.0,31.833333333333332,34.42,31.79333333333333,33.83333333333333,811800.0
2000-03-09,47.13,47.31,45.5,46.5,346666.6666666667,0.0,1.0,31.42,31.54,30.333333333333332,31.0,520000.0
2000-03-08,46.25,47.25,45.87,46.88,244600.0,0.0,1.0,30.833333333333332,31.5,30.58,31.253333333333334,366900.0
2000-03-07,46.0,46.75,44.75,46.0,392866.6666666667,0.0,1.0,30.666666666666664,31.166666666666664,29.833333333333332,30.666666666666664,589300.0
2000-03-06,46.62,46.75,45.25,45.75,123600.0,0.0,1.0,31.08,31.166666666666664,30.166666666666664,30.5,185400.0
2000-03-03,47.44,47.5,46.0,46.38,282600.0,0.0,1.0,31.626666666666665,31.666666666666664,30.666666666666664,30.92,423900.0
2000-03-02,44.25,48.0,44.0,47.0,814266.6666666666,0.0,1.0,29.5,32.0,29.333333333333332,31.333333333333332,1221400.0
2000-03-01,40.88,44.5,40.81,44.0,874466.6666666666,0.0,1.0,27.253333333333334,29.666666666666664,27.206666666666667,29.333333333333332,1311700.0
2000-02-29,39.25,40.88,39.12,40.5,308600.0,0.0,1.0,26.166666666666664,27.253333333333334,26.08,27.0,462900.0
2000-02-28,39.0,39.44,38.5,39.06,155400.0,0.0,1.0,26.0,26.29333333333333,25.666666666666664,26.04,233100.0
2000-02-25,39.75,40.0,38.56,38.88,181400.0,0.0,1.0,26.5,26.666666666666664,25.706666666666667,25.92,272100.0
2000-02-24,41.75,41.88,39.5,39.75,430800.0,0.0,1.0,27.833333333333332,27.92,26.333333333333332,26.5,646200.0
2000-02-23,37.88,40.88,37.81,40.31,862666.6666666666,0.0,1.0,25.253333333333334,27.253333333333334,25.206666666666667,26.873333333333335,1294000.0
2000-02-22,35.37,38.0,35.37,37.12,342066.6666666667,0.0,1.0,23.58,25.333333333333332,23.58,24.746666666666663,513100.0
2000-02-18,34.5,35.5,34.38,35.31,190666.66666666666,0.0,1.0,23.0,23.666666666666664,22.92,23.54,286000.0
2000-02-17,34.62,34.75,34.19,34.44,82400.0,0.0,1.0,23.08,23.166666666666664,22.79333333333333,22.959999999999997,123600.0
2000-02-16,35.0,35.0,34.5,34.5,92200.0,0.0,1.0,23.333333333333332,23.333333333333332,23.0,23.0,138300.0
2000-02-15,34.88,35.13,34.69,34.88,86266.66666666667,0.0,1.0,23.253333333333334,23.42,23.126666666666665,23.253333333333334,129400.0
2000-02-14,35.44,35.44,35.0,35.13,95600.0,0.0,1.0,23.626666666666665,23.626666666666665,23.333333333333332,23.42,143400.0
2000-02-11,36.06,36.25,35.5,35.69,28066.666666666668,0.0,1.0,24.04,24.166666666666664,23.666666666666664,23.79333333333333,42100.0
2000-02-10,36.63,37.25,35.88,36.0,63000.0,0.0,1.0,24.42,24.833333333333332,23.92,24.0,94500.0
2000-02-09,36.0,37.88,35.94,36.63,217866.66666666666,0.0,1.0,24.0,25.253333333333334,23.959999999999997,24.42,326800.0
2000-02-08,34.56,35.94,34.56,35.88,136066.66666666666,0.0,1.0,23.04,23.959999999999997,23.04,23.92,204100.0
2000-02-07,34.25,34.75,34.25,34.5,65600.0,0.0,1.0,22.833333333333332,23.166666666666664,22.833333333333332,23.0,98400.0
2000-02-04,35.19,35.19,34.0,34.12,118866.66666666667,0.0,1.0,23.459999999999997,23.459999999999997,22.666666666666664,22.746666666666663,178300.0
2000-02-03,34.81,35.75,34.5,35.06,224000.0,0.0,1.0,23.206666666666667,23.833333333333332,23.0,23.373333333333335,336000.0
2000-02-02,33.63,34.88,33.38,34.88,275666.6666666667,0.0,1.0,22.42,23.253333333333334,22.253333333333334,23.253333333333334,413500.0
2000-02-01,32.62,34.12,32.5,33.56,136866.66666666666,0.0,1.0,21.746666666666663,22.746666666666663,21.666666666666664,22.373333333333335,205300.0
2000-01-31,33.38,33.38,32.44,32.75,40800.0,0.0,1.0,22.253333333333334,22.253333333333334,21.626666666666665,21.833333333333332,61200.0
2000-01-28,34.12,34.12,33.38,33.63,47600.0,0.0,1.0,22.746666666666663,22.746666666666663,22.253333333333334,22.42,71400.0
2000-01-27,35.75,35.75,34.0,34.12,51666.666666666664,0.0,1.0,23.833333333333332,23.833333333333332,22.666666666666664,22.746666666666663,77500.0
2000-01-26,35.62,35.69,35.19,35.69,90666.66666666667,0.0,1.0,23.746666666666663,23.79333333333333,23.459999999999997,23.79333333333333,136000.0
2000-01-25,35.37,36.75,35.06,35.69,134666.66666666666,0.0,1.0,23.58,24.5,23.373333333333335,23.79333333333333,202000.0
2000-01-24,35.5,36.12,34.62,35.25,163400.0,0.0,1.0,23.666666666666664,24.08,23.08,23.5,245100.0
2000-01-21,36.31,37.38,34.5,35.25,318000.0,0.0,1.0,24.206666666666667,24.92,23.0,23.5,477000.0
2000-01-20,34.88,38.0,34.06,36.06,1298666.6666666667,0.0,1.0,23.253333333333334,25.333333333333332,22.706666666666667,24.04,1948000.0
2000-01-19,29.25,29.88,28.06,29.81,82666.66666666667,0.0,1.0,19.5,19.919999999999998,18.706666666666663,19.87333333333333,124000.0
2000-01-18,30.31,30.31,29.25,29.31,76000.0,0.0,1.0,20.206666666666663,20.206666666666663,19.5,19.54,114000.0
2000-01-14,30.0,30.5,29.94,30.38,155800.0,0.0,1.0,20.0,20.333333333333332,19.96,20.25333333333333,233700.0
2000-01-13,29.88,29.94,29.44,29.88,169400.0,0.0,1.0,19.919999999999998,19.96,19.626666666666665,19.919999999999998,254100.0
2000-01-12,29.44,30.12,29.19,29.75,87066.66666666667,0.0,1.0,19.626666666666665,20.08,19.46,19.833333333333332,130600.0
2000-01-11,28.31,30.38,28.31,29.31,179266.66666666666,0.0,1.0,18.87333333333333,20.25333333333333,18.87333333333333,19.54,268900.0
2000-01-10,27.75,28.06,26.88,28.06,61466.666666666664,0.0,1.0,18.5,18.706666666666663,17.919999999999998,18.706666666666663,92200.0
2000-01-07,28.62,28.62,27.38,27.87,65466.666666666664,0.0,1.0,19.08,19.08,18.25333333333333,18.58,98200.0
2000-01-06,28.44,28.75,28.0,28.0,106600.0,0.0,1.0,18.96,19.166666666666664,18.666666666666664,18.666666666666664,159900.0
2000-01-05,27.87,28.88,27.75,28.56,146600.0,0.0,1.0,18.58,19.25333333333333,18.5,19.04,219900.0
2000-01-04,27.94,28.12,27.5,28.12,164266.66666666666,0.0,1.0,18.626666666666665,18.746666666666666,18.333333333333332,18.746666666666666,246400.0
2000-01-03,28.25,28.25,27.25,28.19,64000.0,0.0,1.0,18.833333333333332,18.833333333333332,18.166666666666664,18.793333333333333,96000.0
1999-12-31,27.75,28.25,27.5,28.25,53066.666666666664,0.0,1.0,18.5,18.833333333333332,18.333333333333332,18.833333333333332,79600.0
1999-12-30,28.12,28.38,28.0,28.0,34866.666666666664,0.0,1.0,18.746666666666666,18.919999999999998,18.666666666666664,18.666666666666664,52300.0
1999-12-29,27.94,28.12,27.87,28.0,62666.666666666664,0.0,1.0,18.626666666666665,18.746666666666666,18.58,18.666666666666664,94000.0
1999-12-28,27.63,28.25,27.38,28.06,134066.66666666666,0.0,1.0,18.419999999999998,18.833333333333332,18.25333333333333,18.706666666666663,201100.0
1999-12-27,25.75,27.56,25.75,27.38,94000.0,0.0,1.0,17.166666666666664,18.37333333333333,17.166666666666664,18.25333333333333,141000.0
1999-12-23,24.75,26.13,24.75,25.5,183600.0,0.0,1.0,16.5,17.419999999999998,16.5,17.0,275400.0
1999-12-22,25.06,25.88,24.12,24.5,260466.66666666666,0.0,1.0,16.706666666666663,17.25333333333333,16.08,16.333333333333332,390700.0
1999-12-21,27.69,27.69,25.06,25.31,271466.6666666667,0.0,1.0,18.46,18.46,16.706666666666663,16.87333333333333,407200.0
1999-12-20,28.5,28.5,27.5,27.75,67466.66666666667,0.0,1.0,19.0,19.0,18.333333333333332,18.5,101200.0
1999-12-17,28.94,28.94,28.38,28.62,80400.0,0.0,1.0,19.293333333333333,19.293333333333333,18.919999999999998,19.08,120600.0
1999-12-16,29.75,29.75,28.31,28.94,58466.666666666664,0.0,1.0,19.833333333333332,19.833333333333332,18.87333333333333,19.293333333333333,87700.0
1999-12-15,31.0,31.0,29.44,29.69,43266.666666666664,0.0,1.0,20.666666666666664,20.666666666666664,19.626666666666665,19.793333333333333,64900.0
1999-12-14,31.81,32.0,30.94,31.0,45866.666666666664,0.0,1.0,21.206666666666663,21.333333333333332,20.626666666666665,20.666666666666664,68800.0
1999-12-13,31.69,31.88,31.19,31.56,98000.0,0.0,1.0,21.126666666666665,21.25333333333333,20.793333333333333,21.04,147000.0
1999-12-10,31.06,31.69,29.62,31.44,245666.66666666666,0.0,1.0,20.706666666666663,21.126666666666665,19.746666666666666,20.96,368500.0
1999-12-09,31.12,31.44,30.31,31.0,429600.0,0.0,1.0,20.746666666666666,20.96,20.206666666666663,20.666666666666664,644400.0
1999-12-08,28.25,31.19,28.25,31.19,190400.0,0.0,1.0,18.833333333333332,20.793333333333333,18.833333333333332,20.793333333333333,285600.0
1999-12-07,28.62,28.62,27.63,28.5,101800.0,0.0,1.0,19.08,19.08,18.419999999999998,19.0,152700.0
1999-12-06,27.38,29.5,27.38,28.75,87600.0,0.0,1.0,18.25333333333333,19.666666666666664,18.25333333333333,19.166666666666664,131400.0
1999-12-03,26.13,27.31,26.06,27.19,93000.0,0.0,1.0,17.419999999999998,18.206666666666663,17.37333333333333,18.126666666666665,139500.0
1999-12-02,26.25,26.94,25.75,26.25,185666.66666666666,0.0,1.0,17.5,17.96,17.166666666666664,17.5,278500.0
1999-12-01,27.87,28.0,25.62,26.44,233400.0,0.0,1.0,18.58,18.666666666666664,17.08,17.626666666666665,350100.0
1999-11-30,28.75,28.75,27.63,28.0,178466.66666666666,0.0,1.0,19.166666666666664,19.166666666666664,18.419999999999998,18.666666666666664,267700.0
1999-11-29,28.94,28.94,28.62,28.75,41466.666666666664,0.0,1.0,19.293333333333333,19.293333333333333,19.08,19.166666666666664,62200.0
1999-11-26,28.94,28.94,28.88,28.88,14400.0,0.0,1.0,19.293333333333333,19.293333333333333,19.25333333333333,19.25333333333333,21600.0
1999-11-24,29.13,29.13,28.62,28.75,79066.66666666667,0.0,1.0,19.419999999999998,19.419999999999998,19.08,19.166666666666664,118600.0
1999-11-23,30.69,30.81,29.0,29.13,72266.66666666667,0.0,1.0,20.46,20.54,19.333333333333332,19.419999999999998,108400.0
1999-11-22,31.0,31.0,30.75,30.87,90600.0,0.0,1.0,20.666666666666664,20.666666666666664,20.5,20.58,135900.0
1999-11-19,31.0,31.06,30.69,31.0,79266.66666666667,0.0,1.0,20.666666666666664,20.706666666666663,20.46,20.666666666666664,118900.0
1999-11-18,31.0,31.12,30.56,31.0,102200.0,0.0,1.0,20.666666666666664,20.746666666666666,20.37333333333333,20.666666666666664,153300.0
1999-11-17,29.75,30.94,29.75,30.87,148400.0,0.0,1.0,19.833333333333332,20.626666666666665,19.833333333333332,20.58,222600.0
1999-11-16,29.37,30.0,29.37,29.75,131066.66666666667,0.0,1.0,19.58,20.0,19.58,19.833333333333332,196600.0
1999-11-15,31.0,31.0,28.75,29.37,163066.66666666666,0.0,1.0,20.666666666666664,20.666666666666664,19.166666666666664,19.58,244600.0
1999-11-12,31.0,31.25,30.69,30.87,100066.66666666667,0.0,1.0,20.666666666666664,20.833333333333332,20.46,20.58,150100.0
1999-11-11,31.38,31.38,30.63,30.94,52600.0,0.0,1.0,20.919999999999998,20.919999999999998,20.419999999999998,20.626666666666665,78900.0
1999-11-10,32.0,32.0,31.12,31.25,146866.66666666666,0.0,1.0,21.333333333333332,21.333333333333332,20.746666666666666,20.833333333333332,220300.0
1999-11-09,32.13,32.25,31.75,32.0,292866.6666666667,0.0,1.0,21.42,21.5,21.166666666666664,21.333333333333332,439300.0
1999-11-08,31.69,33.0,31.69,32.06,152800.0,0.0,1.0,21.126666666666665,22.0,21.126666666666665,21.373333333333335,229200.0
1999-11-05,33.25,34.69,31.56,31.69,388200.0,0.0,1.0,22.166666666666664,23.126666666666665,21.04,21.126666666666665,582300.0
1999-11-04,30.0,33.0,30.0,31.88,793666.6666666666,0.0,1.0,20.0,22.0,20.0,21.25333333333333,1190500.0
1999-11-03,27.63,28.25,27.63,28.12,69666.66666666667,0.0,1.0,18.419999999999998,18.833333333333332,18.419999999999998,18.746666666666666,104500.0
1999-11-02,27.44,27.75,27.38,27.38,17000.0,0.0,1.0,18.293333333333333,18.5,18.25333333333333,18.25333333333333,25500.0
1999-11-01,27.63,27.63,27.38,27.44,16600.0,0.0,1.0,18.419999999999998,18.419999999999998,18.25333333333333,18.293333333333333,24900.0
1999-10-29,29.0,29.06,27.75,27.87,97400.0,0.0,1.0,19.333333333333332,19.37333333333333,18.5,18.58,146100.0
1999-10-28,28.5,29.06,28.5,28.94,192800.0,0.0,1.0,19.0,19.37333333333333,19.0,19.293333333333333,289200.0
1999-10-27,26.31,28.69,26.25,28.31,151066.66666666666,0.0,1.0,17.54,19.126666666666665,17.5,18.87333333333333,226600.0
1999-10-26,24.87,25.88,24.87,25.69,35000.0,0.0,1.0,16.58,17.25333333333333,16.58,17.126666666666665,52500.0
1999-10-25,25.06,25.25,24.94,25.06,152200.0,0.0,1.0,16.706666666666663,16.833333333333332,16.626666666666665,16.706666666666663,228300.0
1999-10-22,24.69,25.31,24.69,25.31,210800.0,0.0,1.0,16.46,16.87333333333333,16.46,16.87333333333333,316200.0
1999-10-21,24.75,24.75,24.5,24.56,40200.0,0.0,1.0,16.5,16.5,16.333333333333332,16.37333333333333,60300.0
1999-10-20,24.06,25.06,24.06,25.0,184466.66666666666,0.0,1.0,16.04,16.706666666666663,16.04,16.666666666666664,276700.0
1999-10-19,23.88,24.31,23.5,24.06,174800.0,0.0,1.0,15.919999999999998,16.206666666666663,15.666666666666666,16.04,262200.0
1999-10-18,26.31,26.31,23.94,24.0,389000.0,0.0,1.0,17.54,17.54,15.96,16.0,583500.0
1999-10-15,26.69,26.75,26.0,26.56,116066.66666666667,0.0,1.0,17.793333333333333,17.833333333333332,17.333333333333332,17.706666666666663,174100.0
1999-10-14,26.62,27.25,26.56,26.62,86600.0,0.0,1.0,17.746666666666666,18.166666666666664,17.706666666666663,17.746666666666666,129900.0
1999-10-13,26.5,26.75,26.5,26.5,55400.0,0.0,1.0,17.666666666666664,17.833333333333332,17.666666666666664,17.666666666666664,83100.0
1999-10-12,26.44,26.69,26.44,26.62,72200.0,0.0,1.0,17.626666666666665,17.793333333333333,17.626666666666665,17.746666666666666,108300.0
1999-10-11,26.37,26.69,26.37,26.56,43000.0,0.0,1.0,17.58,17.793333333333333,17.58,17.706666666666663,64500.0
1999-10-08,26.69,26.75,26.5,26.62,21466.666666666668,0.0,1.0,17.793333333333333,17.833333333333332,17.666666666666664,17.746666666666666,32200.0
1999-10-07,26.75,26.81,26.62,26.75,52600.0,0.0,1.0,17.833333333333332,17.87333333333333,17.746666666666666,17.833333333333332,78900.0
1999-10-06,26.19,26.88,26.19,26.62,394466.6666666667,0.0,1.0,17.46,17.919999999999998,17.46,17.746666666666666,591700.0
1999-10-05,27.75,27.87,26.13,26.19,94266.66666666667,0.0,1.0,18.5,18.58,17.419999999999998,17.46,141400.0
1999-10-04,28.0,28.12,27.56,27.56,44466.666666666664,0.0,1.0,18.666666666666664,18.746666666666666,18.37333333333333,18.37333333333333,66700.0
1999-10-01,29.31,29.31,27.75,27.75,83066.66666666667,0.0,1.0,19.54,19.54,18.5,18.5,124600.0
1999-09-30,27.38,29.31,27.38,29.31,233200.0,0.0,1.0,18.25333333333333,19.54,18.25333333333333,19.54,349800.0
1999-09-29,26.88,27.5,26.62,27.5,68800.0,0.0,1.0,17.919999999999998,18.333333333333332,17.746666666666666,18.333333333333332,103200.0
1999-09-28,26.81,26.88,26.25,26.88,63466.666666666664,0.0,1.0,17.87333333333333,17.919999999999998,17.5,17.919999999999998,95200.0
1999-09-27,26.81,27.44,26.81,26.94,44200.0,0.0,1.0,17.87333333333333,18.293333333333333,17.87333333333333,17.96,66300.0
1999-09-24,27.0,27.0,26.0,26.56,69200.0,0.0,1.0,18.0,18.0,17.333333333333332,17.706666666666663,103800.0
1999-09-23,26.81,27.63,26.62,27.25,33600.0,0.0,1.0,17.87333333333333,18.419999999999998,17.746666666666666,18.166666666666664,50400.0
1999-09-22,26.69,27.0,26.25,26.94,103000.0,0.0,1.0,17.793333333333333,18.0,17.5,17.96,154500.0
1999-09-21,28.12,28.12,26.25,26.44,438000.0,0.0,1.0,18.746666666666666,18.746666666666666,17.5,17.626666666666665,657000.0
1999-09-20,26.44,28.62,26.44,28.38,131200.0,0.0,1.0,17.626666666666665,19.08,17.626666666666665,18.919999999999998,196800.0
1999-09-17,25.12,26.25,25.12,26.19,64800.0,0.0,1.0,16.746666666666666,17.5,16.746666666666666,17.46,97200.0
1999-09-16,25.94,26.0,25.25,25.38,108400.0,0.0,1.0,17.293333333333333,17.333333333333332,16.833333333333332,16.919999999999998,162600.0
1999-09-15,26.5,26.5,25.19,25.81,259466.66666666666,0.0,1.0,17.666666666666664,17.666666666666664,16.793333333333333,17.206666666666663,389200.0
1999-09-14,28.19,28.69,26.5,26.62,142866.66666666666,0.0,1.0,18.793333333333333,19.126666666666665,17.666666666666664,17.746666666666666,214300.0
1999-09-13,28.25,28.62,28.0,28.19,90666.66666666667,0.0,1.0,18.833333333333332,19.08,18.666666666666664,18.793333333333333,136000.0
1999-09-10,28.0,28.44,27.63,28.0,262600.0,0.0,1.0,18.666666666666664,18.96,18.419999999999998,18.666666666666664,393900.0
1999-09-09,27.0,27.38,26.5,27.0,284266.6666666667,0.0,1.0,18.0,18.25333333333333,17.666666666666664,18.0,426400.0
1999-09-08,25.5,27.38,25.5,27.0,228466.66666666666,0.0,1.0,17.0,18.25333333333333,17.0,18.0,342700.0
1999-09-07,25.06,25.75,24.63,25.62,152666.66666666666,0.0,1.0,16.706666666666663,17.166666666666664,16.419999999999998,17.08,229000.0
1999-09-03,25.0,25.12,24.5,25.06,328466.6666666667,0.0,1.0,16.666666666666664,16.746666666666666,16.333333333333332,16.706666666666663,492700.0
1999-09-02,22.75,24.25,22.5,24.12,304866.6666666667,0.0,1.0,15.166666666666666,16.166666666666664,15.0,16.08,457300.0
1999-09-01,22.69,23.0,22.25,22.88,121200.0,0.0,1.0,15.126666666666667,15.333333333333332,14.833333333333332,15.253333333333332,181800.0
1999-08-31,23.62,23.69,21.38,22.44,410000.0,0.0,1.0,15.746666666666666,15.793333333333333,14.253333333333332,14.96,615000.0
1999-08-30,21.5,22.94,21.12,22.75,565800.0,0.0,1.0,14.333333333333332,15.293333333333333,14.08,15.166666666666666,848700.0
1999-08-27,21.25,21.63,20.13,21.25,625466.6666666666,0.0,1.0,14.166666666666666,14.419999999999998,13.419999999999998,14.166666666666666,938200.0
1999-08-26,23.62,24.06,20.5,21.0,979866.6666666666,0.0,1.0,15.746666666666666,16.04,13.666666666666666,14.0,1469800.0
1999-08-25,24.25,24.5,23.0,23.5,637066.6666666666,0.0,1.0,16.166666666666664,16.333333333333332,15.333333333333332,15.666666666666666,955600.0
1999-08-24,25.94,25.94,21.94,23.94,1772000.0,0.0,1.0,17.293333333333333,17.293333333333333,14.626666666666667,15.96,2658000.0
1999-08-23,30.0,30.0,26.0,26.13,496000.0,0.0,1.0,20.0,20.0,17.333333333333332,17.419999999999998,744000.0
1999-08-20,31.56,31.56,30.0,30.0,85600.0,0.0,1.0,21.04,21.04,20.0,20.0,128400.0
1999-08-19,31.75,31.75,31.5,31.69,48200.0,0.0,1.0,21.166666666666664,21.166666666666664,21.0,21.126666666666665,72300.0
1999-08-18,31.75,31.88,31.38,31.69,66866.66666666667,0.0,1.0,21.166666666666664,21.25333333333333,20.919999999999998,21.126666666666665,100300.0
1999-08-17,31.62,31.75,31.38,31.75,156466.66666666666,0.0,1.0,21.08,21.166666666666664,20.919999999999998,21.166666666666664,234700.0
1999-08-16,32.37,32.37,30.63,31.62,91666.66666666667,0.0,1.0,21.58,21.58,20.419999999999998,21.08,137500.0
1999-08-13,32.75,32.88,32.25,32.25,20866.666666666668,0.0,1.0,21.833333333333332,21.92,21.5,21.5,31300.0
1999-08-12,32.06,32.62,31.62,32.62,118666.66666666667,0.0,1.0,21.373333333333335,21.746666666666663,21.08,21.746666666666663,178000.0
1999-08-11,31.5,33.12,31.5,31.94,130600.0,0.0,1.0,21.0,22.08,21.0,21.293333333333333,195900.0
1999-08-10,30.75,31.0,30.5,30.87,94400.0,0.0,1.0,20.5,20.666666666666664,20.333333333333332,20.58,141600.0
1999-08-09,29.88,30.69,29.88,30.63,93866.66666666667,0.0,1.0,19.919999999999998,20.46,19.919999999999998,20.419999999999998,140800.0
1999-08-06,30.0,30.0,29.56,29.75,144400.0,0.0,1.0,20.0,20.0,19.706666666666663,19.833333333333332,216600.0
1999-08-05,30.81,32.5,29.75,30.0,477400.0,0.0,1.0,20.54,21.666666666666664,19.833333333333332,20.0,716100.0
1999-08-04,31.31,31.5,29.81,30.06,160666.66666666666,0.0,1.0,20.87333333333333,21.0,19.87333333333333,20.04,241000.0
1999-08-03,32.13,32.37,31.25,31.31,147000.0,0.0,1.0,21.42,21.58,20.833333333333332,20.87333333333333,220500.0
1999-08-02,31.31,32.62,31.31,32.37,66866.66666666667,0.0,1.0,20.87333333333333,21.746666666666663,20.87333333333333,21.58,100300.0
1999-07-30,32.25,33.0,31.0,31.06,108200.0,0.0,1.0,21.5,22.0,20.666666666666664,20.706666666666663,162300.0
1999-07-29,33.87,33.94,31.25,32.13,148466.66666666666,0.0,1.0,22.58,22.626666666666665,20.833333333333332,21.42,222700.0
1999-07-28,36.0,36.0,33.63,33.87,105400.0,0.0,1.0,24.0,24.0,22.42,22.58,158100.0
1999-07-27,34.31,36.75,34.31,36.0,155800.0,0.0,1.0,22.873333333333335,24.5,22.873333333333335,24.0,233700.0
1999-07-26,35.37,35.37,33.87,34.25,122200.0,0.0,1.0,23.58,23.58,22.58,22.833333333333332,183300.0
1999-07-23,36.75,36.75,35.0,35.37,177600.0,0.0,1.0,24.5,24.5,23.333333333333332,23.58,266400.0
1999-07-22,37.0,37.0,35.88,36.94,282600.0,0.0,1.0,24.666666666666664,24.666666666666664,23.92,24.626666666666665,423900.0
1999-07-21,37.62,38.0,37.5,37.75,22400.0,0.0,1.0,25.08,25.333333333333332,25.0,25.166666666666664,33600.0
1999-07-20,38.19,38.25,37.62,37.69,21266.666666666668,0.0,1.0,25.459999999999997,25.5,25.08,25.126666666666665,31900.0
1999-07-19,39.25,39.25,38.06,38.06,40266.666666666664,0.0,1.0,26.166666666666664,26.166666666666664,25.373333333333335,25.373333333333335,60400.0
1999-07-16,39.5,40.12,39.31,39.5,82266.66666666667,0.0,1.0,26.333333333333332,26.746666666666663,26.206666666666667,26.333333333333332,123400.0
1999-07-15,38.94,39.69,38.75,39.69,34666.666666666664,0.0,1.0,25.959999999999997,26.459999999999997,25.833333333333332,26.459999999999997,52000.0
1999-07-14,40.31,40.31,38.25,38.94,129266.66666666667,0.0,1.0,26.873333333333335,26.873333333333335,25.5,25.959999999999997,193900.0
1999-07-13,39.87,41.56,39.59,40.38,202000.0,0.0,1.0,26.58,27.706666666666667,26.393333333333334,26.92,303000.0
1999-07-12,39.44,39.87,38.75,39.87,61466.666666666664,0.0,1.0,26.29333333333333,26.58,25.833333333333332,26.58,92200.0
1999-07-09,38.75,39.44,38.62,39.31,59466.666666666664,0.0,1.0,25.833333333333332,26.29333333333333,25.746666666666663,26.206666666666667,89200.0
1999-07-08,39.31,39.31,38.0,38.88,50266.666666666664,0.0,1.0,26.206666666666667,26.206666666666667,25.333333333333332,25.92,75400.0
1999-07-07,39.75,39.75,39.31,39.5,28866.666666666668,0.0,1.0,26.5,26.5,26.206666666666667,26.333333333333332,43300.0
1999-07-06,39.81,39.87,39.38,39.87,86866.66666666667,0.0,1.0,26.54,26.58,26.253333333333334,26.58,130300.0
1999-07-02,39.87,40.0,39.12,39.94,49866.666666666664,0.0,1.0,26.58,26.666666666666664,26.08,26.626666666666665,74800.0
1999-07-01,42.25,42.25,39.63,39.81,211866.66666666666,0.0,1.0,28.166666666666664,28.166666666666664,26.42,26.54,317800.0
1999-06-30,38.13,44.37,37.97,44.0,511066.6666666667,0.0,1.0,25.42,29.58,25.313333333333333,29.333333333333332,766600.0
1999-06-29,38.25,38.5,37.94,38.13,164000.0,0.0,1.0,25.5,25.666666666666664,25.29333333333333,25.42,246000.0
1999-06-28,36.56,38.62,36.44,38.25,209200.0,0.0,1.0,24.373333333333335,25.746666666666663,24.29333333333333,25.5,313800.0
1999-06-25,36.19,36.69,36.12,36.56,75866.66666666667,0.0,1.0,24.126666666666665,24.459999999999997,24.08,24.373333333333335,113800.0
1999-06-24,36.63,36.63,36.12,36.19,5000.0,0.0,1.0,24.42,24.42,24.08,24.126666666666665,7500.0
1999-06-23,38.0,38.0,36.06,36.56,63600.0,0.0,1.0,25.333333333333332,25.333333333333332,24.04,24.373333333333335,95400.0
1999-06-22,37.75,38.06,37.62,38.0,52266.666666666664,0.0,1.0,25.166666666666664,25.373333333333335,25.08,25.333333333333332,78400.0
1999-06-21,37.12,39.06,37.12,38.81,216600.0,0.0,1.0,24.746666666666663,26.04,24.746666666666663,25.873333333333335,324900.0
1999-06-18,35.19,37.62,35.19,37.0,220466.66666666666,0.0,1.0,23.459999999999997,25.08,23.459999999999997,24.666666666666664,330700.0
1999-06-17,34.69,35.25,34.69,35.13,137866.66666666666,0.0,1.0,23.126666666666665,23.5,23.126666666666665,23.42,206800.0
1999-06-16,34.25,35.0,34.25,34.81,34266.666666666664,0.0,1.0,22.833333333333332,23.333333333333332,22.833333333333332,23.206666666666667,51400.0
1999-06-15,33.69,34.12,33.63,34.12,119000.0,0.0,1.0,22.459999999999997,22.746666666666663,22.42,22.746666666666663,178500.0
1999-06-14,34.5,34.5,33.69,33.75,41266.666666666664,0.0,1.0,23.0,23.0,22.459999999999997,22.5,61900.0
1999-06-11,34.88,34.88,34.25,34.38,44000.0,0.0,1.0,23.253333333333334,23.253333333333334,22.833333333333332,22.92,66000.0
1999-06-10,35.0,35.0,34.62,34.88,38800.0,0.0,1.0,23.333333333333332,23.333333333333332,23.08,23.253333333333334,58200.0
1999-06-09,35.0,35.25,34.94,35.0,60000.0,0.0,1.0,23.333333333333332,23.5,23.29333333333333,23.333333333333332,90000.0
1999-06-08,34.0,36.25,34.0,35.28,96200.0,0.0,1.0,22.666666666666664,24.166666666666664,22.666666666666664,23.52,144300.0
1999-06-07,33.63,34.0,33.63,34.0,59666.666666666664,0.0,1.0,22.42,22.666666666666664,22.42,22.666666666666664,89500.0
1999-06-04,33.31,33.5,33.12,33.44,11466.666666666666,0.0,1.0,22.206666666666667,22.333333333333332,22.08,22.29333333333333,17200.0
1999-06-03,33.0,34.12,33.0,33.25,73266.66666666667,0.0,1.0,22.0,22.746666666666663,22.0,22.166666666666664,109900.0
1999-06-02,33.94,33.94,32.37,33.0,66466.66666666667,0.0,1.0,22.626666666666665,22.626666666666665,21.58,22.0,99700.0
1999-06-01,34.19,34.19,34.0,34.06,36266.666666666664,0.0,1.0,22.79333333333333,22.79333333333333,22.666666666666664,22.706666666666667,54400.0
1999-05-28,34.0,34.0,33.87,33.94,12266.666666666666,0.0,1.0,22.666666666666664,22.666666666666664,22.58,22.626666666666665,18400.0
1999-05-27,34.06,34.25,34.0,34.12,44400.0,0.0,1.0,22.706666666666667,22.833333333333332,22.666666666666664,22.746666666666663,66600.0
1999-05-26,34.62,34.62,33.63,34.19,95000.0,0.0,1.0,23.08,23.08,22.42,22.79333333333333,142500.0
1999-05-25,34.75,35.37,34.38,34.62,90666.66666666667,0.0,1.0,23.166666666666664,23.58,22.92,23.08,136000.0
1999-05-24,34.25,35.75,34.25,34.5,153600.0,0.0,1.0,22.833333333333332,23.833333333333332,22.833333333333332,23.0,230400.0
1999-05-21,33.12,34.0,33.12,34.0,112200.0,0.0,1.0,22.08,22.666666666666664,22.08,22.666666666666664,168300.0
1999-05-20,32.81,33.44,32.5,33.12,200266.66666666666,0.0,1.0,21.873333333333335,22.29333333333333,21.666666666666664,22.08,300400.0
1999-05-19,33.06,33.69,32.5,32.56,227266.66666666666,0.0,1.0,22.04,22.459999999999997,21.666666666666664,21.706666666666667,340900.0
1999-05-18,31.88,33.31,31.88,33.0,257266.66666666666,0.0,1.0,21.25333333333333,22.206666666666667,21.25333333333333,22.0,385900.0
1999-05-17,31.62,31.62,31.12,31.62,33200.0,0.0,1.0,21.08,21.08,20.746666666666666,21.08,49800.0
1999-05-14,32.13,32.25,31.38,31.75,87066.66666666667,0.0,1.0,21.42,21.5,20.919999999999998,21.166666666666664,130600.0
1999-05-13,30.5,32.44,30.31,32.19,244866.66666666666,0.0,1.0,20.333333333333332,21.626666666666665,20.206666666666663,21.459999999999997,367300.0
1999-05-12,30.5,30.87,29.62,30.44,146000.0,0.0,1.0,20.333333333333332,20.58,19.746666666666666,20.293333333333333,219000.0
1999-05-11,32.94,33.25,30.0,30.25,134200.0,0.0,1.0,21.959999999999997,22.166666666666664,20.0,20.166666666666664,201300.0
1999-05-10,33.0,33.5,32.75,32.94,160866.66666666666,0.0,1.0,22.0,22.333333333333332,21.833333333333332,21.959999999999997,241300.0
1999-05-07,32.94,33.0,32.75,32.88,25466.666666666668,0.0,1.0,21.959999999999997,22.0,21.833333333333332,21.92,38200.0
1999-05-06,33.12,33.12,32.0,32.88,46000.0,0.0,1.0,22.08,22.08,21.333333333333332,21.92,69000.0
1999-05-05,33.25,33.63,32.62,33.25,87000.0,0.0,1.0,22.166666666666664,22.42,21.746666666666663,22.166666666666664,130500.0
1999-05-04,31.0,35.0,31.0,33.5,396266.6666666667,0.0,1.0,20.666666666666664,23.333333333333332,20.666666666666664,22.333333333333332,594400.0
1999-05-03,28.94,31.44,28.94,31.12,407266.6666666667,0.0,1.0,19.293333333333333,20.96,19.293333333333333,20.746666666666666,610900.0
1999-04-30,28.94,29.0,28.75,28.81,105866.66666666667,0.0,1.0,19.293333333333333,19.333333333333332,19.166666666666664,19.206666666666663,158800.0
1999-04-29,26.94,28.75,26.94,28.44,67400.0,0.0,1.0,17.96,19.166666666666664,17.96,18.96,101100.0
1999-04-28,25.81,27.0,25.81,26.81,40666.666666666664,0.0,1.0,17.206666666666663,18.0,17.206666666666663,17.87333333333333,61000.0
1999-04-27,27.63,27.63,25.75,25.94,52066.666666666664,0.0,1.0,18.419999999999998,18.419999999999998,17.166666666666664,17.293333333333333,78100.0
1999-04-26,28.88,28.88,27.87,27.87,32400.0,0.0,1.0,19.25333333333333,19.25333333333333,18.58,18.58,48600.0
1999-04-23,29.37,29.37,28.69,28.88,94666.66666666667,0.0,1.0,19.58,19.58,19.126666666666665,19.25333333333333,142000.0
1999-04-22,30.0,31.75,29.37,29.44,162666.66666666666,0.0,1.0,20.0,21.166666666666664,19.58,19.626666666666665,244000.0
1999-04-21,29.5,30.38,29.5,29.75,120066.66666666667,0.0,1.0,19.666666666666664,20.25333333333333,19.666666666666664,19.833333333333332,180100.0
1999-04-20,26.88,30.0,26.81,29.62,263200.0,0.0,1.0,17.919999999999998,20.0,17.87333333333333,19.746666666666666,394800.0
1999-04-19,27.87,28.12,26.88,26.88,22200.0,0.0,1.0,18.58,18.746666666666666,17.919999999999998,17.919999999999998,33300.0
1999-04-16,26.88,28.38,26.44,28.12,35266.666666666664,0.0,1.0,17.919999999999998,18.919999999999998,17.626666666666665,18.746666666666666,52900.0
1999-04-15,25.0,26.81,24.87,26.81,49200.0,0.0,1.0,16.666666666666664,17.87333333333333,16.58,17.87333333333333,73800.0
1999-04-14,24.75,25.19,24.38,25.19,13200.0,0.0,1.0,16.5,16.793333333333333,16.25333333333333,16.793333333333333,19800.0
1999-04-13,24.12,25.12,24.12,24.75,8266.666666666666,0.0,1.0,16.08,16.746666666666666,16.08,16.5,12400.0
1999-04-12,24.5,24.5,24.19,24.19,11800.0,0.0,1.0,16.333333333333332,16.333333333333332,16.126666666666665,16.126666666666665,17700.0
1999-04-09,23.75,24.38,23.62,24.38,68000.0,0.0,1.0,15.833333333333332,16.25333333333333,15.746666666666666,16.25333333333333,102000.0
1999-04-08,24.25,24.25,23.75,23.88,22000.0,0.0,1.0,16.166666666666664,16.166666666666664,15.833333333333332,15.919999999999998,33000.0
1999-04-07,24.69,24.75,24.25,24.25,53000.0,0.0,1.0,16.46,16.5,16.166666666666664,16.166666666666664,79500.0
1999-04-06,24.75,24.75,24.56,24.56,7866.666666666667,0.0,1.0,16.5,16.5,16.37333333333333,16.37333333333333,11800.0
1999-04-05,25.0,25.0,24.63,24.63,42800.0,0.0,1.0,16.666666666666664,16.666666666666664,16.419999999999998,16.419999999999998,64200.0
1999-04-01,25.44,25.44,25.0,25.12,24266.666666666668,0.0,1.0,16.96,16.96,16.666666666666664,16.746666666666666,36400.0
1999-03-31,23.81,25.75,23.81,25.44,99000.0,0.0,1.0,15.873333333333331,17.166666666666664,15.873333333333331,16.96,148500.0
1999-03-30,23.75,23.75,23.37,23.56,18066.666666666668,0.0,1.0,15.833333333333332,15.833333333333332,15.58,15.706666666666665,27100.0
1999-03-29,23.0,23.62,23.0,23.62,27800.0,0.0,1.0,15.333333333333332,15.746666666666666,15.333333333333332,15.746666666666666,41700.0
1999-03-26,22.75,23.06,22.0,23.0,81466.66666666667,0.0,1.0,15.166666666666666,15.373333333333331,14.666666666666666,15.333333333333332,122200.0
1999-03-25,24.25,24.25,22.75,22.94,127800.0,0.0,1.0,16.166666666666664,16.166666666666664,15.166666666666666,15.293333333333333,191700.0
1999-03-24,25.38,25.44,24.31,24.38,24800.0,0.0,1.0,16.919999999999998,16.96,16.206666666666663,16.25333333333333,37200.0
1999-03-23,25.62,25.62,25.12,25.12,7600.0,0.0,1.0,17.08,17.08,16.746666666666666,16.746666666666666,11400.0
1999-03-22,25.94,25.94,25.75,25.75,5000.0,0.0,1.0,17.293333333333333,17.293333333333333,17.166666666666664,17.166666666666664,7500.0
1999-03-19,25.75,26.0,25.62,25.81,22666.666666666668,0.0,1.0,17.166666666666664,17.333333333333332,17.08,17.206666666666663,34000.0
1999-03-18,25.81,25.94,25.62,25.62,3266.6666666666665,0.0,1.0,17.206666666666663,17.293333333333333,17.08,17.08,4900.0
1999-03-17,25.56,26.0,25.56,25.94,43666.666666666664,0.0,1.0,17.04,17.333333333333332,17.04,17.293333333333333,65500.0
1999-03-16,25.62,25.62,25.5,25.56,153600.0,0.0,1.0,17.08,17.08,17.0,17.04,230400.0
1999-03-15,24.94,25.44,24.94,25.44,15200.0,0.0,1.0,16.626666666666665,16.96,16.626666666666665,16.96,22800.0
1999-03-12,25.12,25.12,24.63,24.81,17666.666666666668,0.0,1.0,16.746666666666666,16.746666666666666,16.419999999999998,16.54,26500.0
1999-03-11,25.5,25.5,25.12,25.25,36800.0,0.0,1.0,17.0,17.0,16.746666666666666,16.833333333333332,55200.0
1999-03-10,26.13,26.13,25.62,25.62,27266.666666666668,0.0,1.0,17.419999999999998,17.419999999999998,17.08,17.08,40900.0
1999-03-09,26.25,26.25,25.5,26.0,145200.0,0.0,1.0,17.5,17.5,17.0,17.333333333333332,217800.0
1999-03-08,27.12,27.12,26.25,26.25,117466.66666666667,0.0,1.0,18.08,18.08,17.5,17.5,176200.0
1999-03-05,26.88,27.0,26.69,26.88,57266.666666666664,0.0,1.0,17.919999999999998,18.0,17.793333333333333,17.919999999999998,85900.0
1999-03-04,27.25,27.25,26.88,27.0,70666.66666666667,0.0,1.0,18.166666666666664,18.166666666666664,17.919999999999998,18.0,106000.0
1999-03-03,27.12,27.38,27.06,27.25,38000.0,0.0,1.0,18.08,18.25333333333333,18.04,18.166666666666664,57000.0
1999-03-02,27.0,27.0,26.75,27.0,36600.0,0.0,1.0,18.0,18.0,17.833333333333332,18.0,54900.0
1999-03-01,27.12,27.25,26.25,27.0,95666.66666666667,0.0,1.0,18.08,18.166666666666664,17.5,18.0,143500.0
1999-02-26,27.12,27.25,26.88,27.0,80800.0,0.0,1.0,18.08,18.166666666666664,17.919999999999998,18.0,121200.0
1999-02-25,27.63,27.63,26.72,26.88,171200.0,0.0,1.0,18.419999999999998,18.419999999999998,17.813333333333333,17.919999999999998,256800.0
1999-02-24,27.06,27.87,27.06,27.81,152800.0,0.0,1.0,18.04,18.58,18.04,18.54,229200.0
1999-02-23,27.12,27.25,26.94,27.12,126266.66666666667,0.0,1.0,18.08,18.166666666666664,17.96,18.08,189400.0
1999-02-22,27.0,27.69,26.94,27.25,43800.0,0.0,1.0,18.0,18.46,17.96,18.166666666666664,65700.0
1999-02-19,26.13,27.12,26.13,26.88,32000.0,0.0,1.0,17.419999999999998,18.08,17.419999999999998,17.919999999999998,48000.0
1999-02-18,26.0,26.25,26.0,26.13,22066.666666666668,0.0,1.0,17.333333333333332,17.5,17.333333333333332,17.419999999999998,33100.0
1999-02-17,26.13,27.12,25.75,26.25,52066.666666666664,0.0,1.0,17.419999999999998,18.08,17.166666666666664,17.5,78100.0
1999-02-16,26.88,27.0,25.5,25.75,31866.666666666668,0.0,1.0,17.919999999999998,18.0,17.0,17.166666666666664,47800.0
1999-02-12,27.63,28.0,26.75,26.88,89000.0,0.0,1.0,18.419999999999998,18.666666666666664,17.833333333333332,17.919999999999998,133500.0
1999-02-11,27.12,28.25,27.0,27.5,114000.0,0.0,1.0,18.08,18.833333333333332,18.0,18.333333333333332,171000.0
1999-02-10,26.13,27.0,25.62,26.88,68666.66666666667,0.0,1.0,17.419999999999998,18.0,17.08,17.919999999999998,103000.0
1999-02-09,29.0,29.0,26.25,26.25,94400.0,0.0,1.0,19.333333333333332,19.333333333333332,17.5,17.5,141600.0
1999-02-08,29.13,29.31,28.5,28.94,60400.0,0.0,1.0,19.419999999999998,19.54,19.0,19.293333333333333,90600.0
1999-02-05,28.62,29.75,28.62,29.0,164066.66666666666,0.0,1.0,19.08,19.833333333333332,19.08,19.333333333333332,246100.0
1999-02-04,27.87,29.13,27.87,28.5,77400.0,0.0,1.0,18.58,19.419999999999998,18.58,19.0,116100.0
1999-02-03,27.25,28.75,26.75,28.75,88266.66666666667,0.0,1.0,18.166666666666664,19.166666666666664,17.833333333333332,19.166666666666664,132400.0
1999-02-02,28.25,28.38,27.25,27.25,252600.0,0.0,1.0,18.833333333333332,18.919999999999998,18.166666666666664,18.166666666666664,378900.0
1999-02-01,28.06,28.88,27.75,28.06,181866.66666666666,0.0,1.0,18.706666666666663,19.25333333333333,18.5,18.706666666666663,272800.0
1999-01-29,26.94,29.75,26.5,28.12,189000.0,0.0,1.0,17.96,19.833333333333332,17.666666666666664,18.746666666666666,283500.0
1999-01-28,25.56,26.94,25.38,26.81,213266.66666666666,0.0,1.0,17.04,17.96,16.919999999999998,17.87333333333333,319900.0
1999-01-27,23.75,26.0,23.75,25.44,2387266.6666666665,0.0,1.0,15.833333333333332,17.333333333333332,15.833333333333332,16.96,3580900.0
1999-01-26,23.94,23.94,23.0,23.25,135866.66666666666,0.0,1.0,15.96,15.96,15.333333333333332,15.5,203800.0
1999-01-25,24.63,24.69,23.88,23.88,18066.666666666668,0.0,1.0,16.419999999999998,16.46,15.919999999999998,15.919999999999998,27100.0
1999-01-22,24.69,24.75,24.69,24.69,12266.666666666666,0.0,1.0,16.46,16.5,16.46,16.46,18400.0
1999-01-21,24.75,24.87,24.63,24.63,13266.666666666666,0.0,1.0,16.5,16.58,16.419999999999998,16.419999999999998,19900.0
1999-01-20,24.0,24.75,23.88,24.63,51800.0,0.0,1.0,16.0,16.5,15.919999999999998,16.419999999999998,77700.0
1999-01-19,22.81,23.94,22.81,23.94,39400.0,0.0,1.0,15.206666666666665,15.96,15.206666666666665,15.96,59100.0
1999-01-15,22.19,22.62,22.19,22.62,34666.666666666664,0.0,1.0,14.793333333333333,15.08,14.793333333333333,15.08,52000.0
1999-01-14,22.12,22.25,22.0,22.06,6200.0,0.0,1.0,14.746666666666666,14.833333333333332,14.666666666666666,14.706666666666665,9300.0
1999-01-13,22.12,22.25,22.0,22.12,4000.0,0.0,1.0,14.746666666666666,14.833333333333332,14.666666666666666,14.746666666666666,6000.0
1999-01-12,22.25,22.44,22.12,22.25,39066.666666666664,0.0,1.0,14.833333333333332,14.96,14.746666666666666,14.833333333333332,58600.0
1999-01-11,22.06,22.25,22.0,22.25,10666.666666666666,0.0,1.0,14.706666666666665,14.833333333333332,14.666666666666666,14.833333333333332,16000.0
1999-01-08,22.25,22.5,22.12,22.12,32666.666666666668,0.0,1.0,14.833333333333332,15.0,14.746666666666666,14.746666666666666,49000.0
1999-01-07,22.38,22.38,22.25,22.38,14466.666666666666,0.0,1.0,14.919999999999998,14.919999999999998,14.833333333333332,14.919999999999998,21700.0
1999-01-06,21.81,22.25,21.75,22.25,46866.666666666664,0.0,1.0,14.54,14.833333333333332,14.5,14.833333333333332,70300.0
1999-01-05,22.06,22.06,21.63,21.75,27200.0,0.0,1.0,14.706666666666665,14.706666666666665,14.419999999999998,14.5,40800.0
1999-01-04,22.12,22.25,21.87,22.06,41066.666666666664,0.0,1.0,14.746666666666666,14.833333333333332,14.58,14.706666666666665,61600.0
1998-12-31,22.12,23.0,22.06,22.06,26400.0,0.0,1.0,14.746666666666666,15.333333333333332,14.706666666666665,14.706666666666665,39600.0
1998-12-30,21.87,22.0,21.75,22.0,11066.666666666666,0.0,1.0,14.58,14.666666666666666,14.5,14.666666666666666,16600.0
1998-12-29,21.38,22.0,21.38,21.87,43400.0,0.0,1.0,14.253333333333332,14.666666666666666,14.253333333333332,14.58,65100.0
1998-12-28,21.06,21.63,21.06,21.5,26600.0,0.0,1.0,14.04,14.419999999999998,14.04,14.333333333333332,39900.0
1998-12-24,20.5,21.31,20.5,21.06,79200.0,0.0,1.0,13.666666666666666,14.206666666666665,13.666666666666666,14.04,118800.0
1998-12-23,20.5,20.5,20.5,20.5,4000.0,0.0,1.0,13.666666666666666,13.666666666666666,13.666666666666666,13.666666666666666,6000.0
1998-12-22,21.19,21.19,20.37,20.5,56266.666666666664,0.0,1.0,14.126666666666667,14.126666666666667,13.58,13.666666666666666,84400.0
1998-12-21,21.38,21.38,20.94,21.12,28066.666666666668,0.0,1.0,14.253333333333332,14.253333333333332,13.96,14.08,42100.0
1998-12-18,21.12,21.75,21.12,21.56,44266.666666666664,0.0,1.0,14.08,14.5,14.08,14.373333333333331,66400.0
1998-12-17,21.25,21.87,21.0,21.0,63666.666666666664,0.0,1.0,14.166666666666666,14.58,14.0,14.0,95500.0
1998-12-16,20.69,21.25,20.69,21.12,50266.666666666664,0.0,1.0,13.793333333333333,14.166666666666666,13.793333333333333,14.08,75400.0
1998-12-15,20.75,20.75,20.5,20.69,5600.0,0.0,1.0,13.833333333333332,13.833333333333332,13.666666666666666,13.793333333333333,8400.0
1998-12-14,21.12,21.12,20.88,20.88,16600.0,0.0,1.0,14.08,14.08,13.919999999999998,13.919999999999998,24900.0
1998-12-11,21.75,21.75,21.12,21.12,87000.0,0.0,1.0,14.5,14.5,14.08,14.08,130500.0
1998-12-10,21.87,22.38,21.63,21.87,65400.0,0.0,1.0,14.58,14.919999999999998,14.419999999999998,14.58,98100.0
1998-12-09,22.12,22.25,21.81,22.0,51466.666666666664,0.0,1.0,14.746666666666666,14.833333333333332,14.54,14.666666666666666,77200.0
1998-12-08,22.12,23.0,21.87,22.12,53000.0,0.0,1.0,14.746666666666666,15.333333333333332,14.58,14.746666666666666,79500.0
1998-12-07,20.13,22.25,20.0,22.06,93466.66666666667,0.0,1.0,13.419999999999998,14.833333333333332,13.333333333333332,14.706666666666665,140200.0
1998-12-04,20.0,20.13,20.0,20.13,108200.0,0.0,1.0,13.333333333333332,13.419999999999998,13.333333333333332,13.419999999999998,162300.0
1998-12-03,20.13,20.5,19.88,20.0,161400.0,0.0,1.0,13.419999999999998,13.666666666666666,13.253333333333332,13.333333333333332,242100.0
1998-12-02,19.81,20.19,19.75,20.19,97800.0,0.0,1.0,13.206666666666665,13.46,13.166666666666666,13.46,146700.0
1998-12-01,19.12,19.69,19.12,19.69,48866.666666666664,0.0,1.0,12.746666666666666,13.126666666666667,12.746666666666666,13.126666666666667,73300.0
1998-11-30,19.0,19.38,18.75,19.12,32000.0,0.0,1.0,12.666666666666666,12.919999999999998,12.5,12.746666666666666,48000.0
1998-11-27,19.31,19.38,19.25,19.25,2800.0,0.0,1.0,12.873333333333331,12.919999999999998,12.833333333333332,12.833333333333332,4200.0
1998-11-25,18.5,19.75,18.5,19.25,50400.0,0.0,1.0,12.333333333333332,13.166666666666666,12.333333333333332,12.833333333333332,75600.0
1998-11-24,17.5,18.5,17.0,18.44,100066.66666666667,0.0,1.0,11.666666666666666,12.333333333333332,11.333333333333332,12.293333333333333,150100.0
1998-11-23,18.0,18.12,17.37,17.37,18800.0,0.0,1.0,12.0,12.08,11.58,11.58,28200.0
1998-11-20,17.37,18.19,17.37,18.0,27800.0,0.0,1.0,11.58,12.126666666666667,11.58,12.0,41700.0
1998-11-19,17.0,17.37,16.88,17.31,14466.666666666666,0.0,1.0,11.333333333333332,11.58,11.253333333333332,11.54,21700.0
1998-11-18,16.88,16.88,16.5,16.88,58000.0,0.0,1.0,11.253333333333332,11.253333333333332,11.0,11.253333333333332,87000.0
1998-11-17,17.06,17.25,17.0,17.0,28466.666666666668,0.0,1.0,11.373333333333331,11.5,11.333333333333332,11.333333333333332,42700.0
1998-11-16,17.37,17.37,16.94,17.13,87866.66666666667,0.0,1.0,11.58,11.58,11.293333333333333,11.419999999999998,131800.0
1998-11-13,17.5,17.5,17.37,17.37,66266.66666666667,0.0,1.0,11.666666666666666,11.666666666666666,11.58,11.58,99400.0
1998-11-12,17.88,18.0,17.5,17.56,18266.666666666668,0.0,1.0,11.919999999999998,12.0,11.666666666666666,11.706666666666665,27400.0
1998-11-11,17.62,18.0,17.62,17.88,11000.0,0.0,1.0,11.746666666666666,12.0,11.746666666666666,11.919999999999998,16500.0
1998-11-10,17.5,18.75,17.5,17.5,205266.66666666666,0.0,1.0,11.666666666666666,12.5,11.666666666666666,11.666666666666666,307900.0
1998-11-09,16.56,18.12,16.56,17.5,79066.66666666667,0.0,1.0,11.04,12.08,11.04,11.666666666666666,118600.0
1998-11-06,15.87,16.5,15.87,16.31,174200.0,0.0,1.0,10.579999999999998,11.0,10.579999999999998,10.873333333333331,261300.0
1998-11-05,15.44,16.0,15.44,15.63,51266.666666666664,0.0,1.0,10.293333333333333,10.666666666666666,10.293333333333333,10.42,76900.0
1998-11-04,16.0,16.0,15.25,15.31,53066.666666666664,0.0,1.0,10.666666666666666,10.666666666666666,10.166666666666666,10.206666666666667,79600.0
1998-11-03,16.38,17.37,16.0,16.0,72600.0,0.0,1.0,10.919999999999998,11.58,10.666666666666666,10.666666666666666,108900.0
1998-11-02,14.56,16.62,14.56,16.12,110600.0,0.0,1.0,9.706666666666667,11.08,9.706666666666667,10.746666666666666,165900.0
1998-10-30,13.38,14.44,13.38,14.44,44000.0,0.0,1.0,8.92,9.626666666666665,8.92,9.626666666666665,66000.0
1998-10-29,12.94,13.38,12.94,13.38,237666.66666666666,0.0,1.0,8.626666666666665,8.92,8.626666666666665,8.92,356500.0
1998-10-28,12.75,12.81,12.75,12.81,5800.0,0.0,1.0,8.5,8.54,8.5,8.54,8700.0
1998-10-27,13.25,13.25,12.87,12.87,12000.0,0.0,1.0,8.833333333333332,8.833333333333332,8.579999999999998,8.579999999999998,18000.0
1998-10-26,12.63,13.25,12.63,13.25,5400.0,0.0,1.0,8.42,8.833333333333332,8.42,8.833333333333332,8100.0
1998-10-23,12.87,12.87,12.75,12.75,20866.666666666668,0.0,1.0,8.579999999999998,8.579999999999998,8.5,8.5,31300.0
1998-10-22,12.94,12.94,12.94,12.94,66.66666666666667,0.0,1.0,8.626666666666665,8.626666666666665,8.626666666666665,8.626666666666665,100.0
1998-10-21,12.5,13.0,12.5,13.0,9666.666666666666,0.0,1.0,8.333333333333332,8.666666666666666,8.333333333333332,8.666666666666666,14500.0
1998-10-20,11.88,12.56,11.88,12.5,21400.0,0.0,1.0,7.92,8.373333333333333,7.92,8.333333333333332,32100.0
1998-10-19,11.69,11.75,11.62,11.75,2666.6666666666665,0.0,1.0,7.793333333333333,7.833333333333333,7.746666666666666,7.833333333333333,4000.0
1998-10-16,11.75,11.81,11.5,11.81,4066.6666666666665,0.0,1.0,7.833333333333333,7.873333333333333,7.666666666666666,7.873333333333333,6100.0
1998-10-15,11.81,11.81,11.81,11.81,600.0,0.0,1.0,7.873333333333333,7.873333333333333,7.873333333333333,7.873333333333333,900.0
1998-10-14,12.0,12.19,11.62,11.75,11266.666666666666,0.0,1.0,8.0,8.126666666666665,7.746666666666666,7.833333333333333,16900.0
1998-10-13,12.0,12.06,11.94,12.06,3400.0,0.0,1.0,8.0,8.04,7.959999999999999,8.04,5100.0
1998-10-12,11.56,11.94,11.56,11.88,3666.6666666666665,0.0,1.0,7.706666666666667,7.959999999999999,7.706666666666667,7.92,5500.0
1998-10-09,11.88,11.88,11.56,11.56,30800.0,0.0,1.0,7.92,7.92,7.706666666666667,7.706666666666667,46200.0
1998-10-08,12.25,12.25,11.25,11.75,62400.0,0.0,1.0,8.166666666666666,8.166666666666666,7.5,7.833333333333333,93600.0
1998-10-07,12.31,12.31,12.31,12.31,600.0,0.0,1.0,8.206666666666667,8.206666666666667,8.206666666666667,8.206666666666667,900.0
1998-10-06,12.12,12.38,12.12,12.38,24866.666666666668,0.0,1.0,8.079999999999998,8.253333333333334,8.079999999999998,8.253333333333334,37300.0
1998-10-05,12.19,12.19,12.0,12.0,31066.666666666668,0.0,1.0,8.126666666666665,8.126666666666665,8.0,8.0,46600.0
1998-10-02,12.25,12.31,12.25,12.31,16866.666666666668,0.0,1.0,8.166666666666666,8.206666666666667,8.166666666666666,8.206666666666667,25300.0
1998-10-01,12.25,12.31,12.25,12.31,30400.0,0.0,1.0,8.166666666666666,8.206666666666667,8.166666666666666,8.206666666666667,45600.0
1998-09-30,12.38,12.38,12.25,12.31,6600.0,0.0,1.0,8.253333333333334,8.253333333333334,8.166666666666666,8.206666666666667,9900.0
1998-09-29,12.38,12.44,12.38,12.38,3200.0,0.0,1.0,8.253333333333334,8.293333333333333,8.253333333333334,8.253333333333334,4800.0
1998-09-28,12.38,12.5,12.38,12.5,2466.6666666666665,0.0,1.0,8.253333333333334,8.333333333333332,8.253333333333334,8.333333333333332,3700.0
1998-09-25,12.31,12.31,12.12,12.25,3000.0,0.0,1.0,8.206666666666667,8.206666666666667,8.079999999999998,8.166666666666666,4500.0
1998-09-24,12.31,12.31,12.19,12.31,3066.6666666666665,0.0,1.0,8.206666666666667,8.206666666666667,8.126666666666665,8.206666666666667,4600.0
1998-09-23,12.38,12.38,12.12,12.31,5600.0,0.0,1.0,8.253333333333334,8.253333333333334,8.079999999999998,8.206666666666667,8400.0
1998-09-22,12.63,12.63,12.5,12.5,4666.666666666667,0.0,1.0,8.42,8.42,8.333333333333332,8.333333333333332,7000.0
1998-09-21,12.63,12.63,12.44,12.5,17066.666666666668,0.0,1.0,8.42,8.42,8.293333333333333,8.333333333333332,25600.0
1998-09-18,12.5,13.0,12.5,12.75,23800.0,0.0,1.0,8.333333333333332,8.666666666666666,8.333333333333332,8.5,35700.0
1998-09-17,12.87,12.87,12.0,12.38,13466.666666666666,0.0,1.0,8.579999999999998,8.579999999999998,8.0,8.253333333333334,20200.0
1998-09-16,13.25,13.25,12.5,12.75,21066.666666666668,0.0,1.0,8.833333333333332,8.833333333333332,8.333333333333332,8.5,31600.0
1998-09-15,13.12,13.25,13.0,13.25,14666.666666666666,0.0,1.0,8.746666666666666,8.833333333333332,8.666666666666666,8.833333333333332,22000.0
1998-09-14,13.0,13.19,13.0,13.12,11866.666666666666,0.0,1.0,8.666666666666666,8.793333333333333,8.666666666666666,8.746666666666666,17800.0
1998-09-11,12.44,13.0,12.44,12.94,9200.0,0.0,1.0,8.293333333333333,8.666666666666666,8.293333333333333,8.626666666666665,13800.0
1998-09-10,12.94,12.94,12.5,12.5,7466.666666666667,0.0,1.0,8.626666666666665,8.626666666666665,8.333333333333332,8.333333333333332,11200.0
1998-09-09,13.0,13.0,12.94,13.0,1400.0,0.0,1.0,8.666666666666666,8.666666666666666,8.626666666666665,8.666666666666666,2100.0
1998-09-08,12.94,13.12,12.87,13.0,5666.666666666667,0.0,1.0,8.626666666666665,8.746666666666666,8.579999999999998,8.666666666666666,8500.0
1998-09-04,12.94,12.94,12.75,12.81,6466.666666666667,0.0,1.0,8.626666666666665,8.626666666666665,8.5,8.54,9700.0
1998-09-03,13.0,13.06,12.87,12.87,8200.0,0.0,1.0,8.666666666666666,8.706666666666667,8.579999999999998,8.579999999999998,12300.0
1998-09-02,13.0,13.12,12.87,13.06,16600.0,0.0,1.0,8.666666666666666,8.746666666666666,8.579999999999998,8.706666666666667,24900.0
1998-09-01,13.0,13.25,12.75,13.12,17466.666666666668,0.0,1.0,8.666666666666666,8.833333333333332,8.5,8.746666666666666,26200.0
1998-08-31,14.37,14.37,13.12,13.12,20000.0,0.0,1.0,9.579999999999998,9.579999999999998,8.746666666666666,8.746666666666666,30000.0
1998-08-28,14.13,14.37,13.94,14.25,35400.0,0.0,1.0,9.42,9.579999999999998,9.293333333333333,9.5,53100.0
1998-08-27,14.37,14.37,14.06,14.13,3600.0,0.0,1.0,9.579999999999998,9.579999999999998,9.373333333333333,9.42,5400.0
1998-08-26,14.5,14.75,14.37,14.5,9000.0,0.0,1.0,9.666666666666666,9.833333333333332,9.579999999999998,9.666666666666666,13500.0
1998-08-25,14.5,14.75,14.5,14.62,20266.666666666668,0.0,1.0,9.666666666666666,9.833333333333332,9.666666666666666,9.746666666666666,30400.0
1998-08-24,14.75,15.12,14.37,14.5,34000.0,0.0,1.0,9.833333333333332,10.079999999999998,9.579999999999998,9.666666666666666,51000.0
1998-08-21,14.56,14.75,14.5,14.62,60200.0,0.0,1.0,9.706666666666667,9.833333333333332,9.666666666666666,9.746666666666666,90300.0
1998-08-20,14.88,14.88,14.75,14.81,2066.6666666666665,0.0,1.0,9.92,9.92,9.833333333333332,9.873333333333333,3100.0
1998-08-19,14.88,15.06,14.88,14.88,17000.0,0.0,1.0,9.92,10.04,9.92,9.92,25500.0
1998-08-18,15.0,15.38,14.5,14.56,52200.0,0.0,1.0,10.0,10.253333333333334,9.666666666666666,9.706666666666667,78300.0
1998-08-17,13.75,13.88,13.75,13.81,7800.0,0.0,1.0,9.166666666666666,9.253333333333334,9.166666666666666,9.206666666666667,11700.0
1998-08-14,13.94,14.0,13.81,13.88,54200.0,0.0,1.0,9.293333333333333,9.333333333333332,9.206666666666667,9.253333333333334,81300.0
1998-08-13,13.88,14.13,13.88,14.0,42200.0,0.0,1.0,9.253333333333334,9.42,9.253333333333334,9.333333333333332,63300.0
1998-08-12,14.0,14.13,13.81,14.0,22466.666666666668,0.0,1.0,9.333333333333332,9.42,9.206666666666667,9.333333333333332,33700.0
1998-08-11,14.13,14.13,13.81,13.88,19600.0,0.0,1.0,9.42,9.42,9.206666666666667,9.253333333333334,29400.0
1998-08-10,13.81,14.37,13.81,14.0,22000.0,0.0,1.0,9.206666666666667,9.579999999999998,9.206666666666667,9.333333333333332,33000.0
1998-08-07,14.69,15.12,13.69,13.69,36600.0,0.0,1.0,9.793333333333333,10.079999999999998,9.126666666666665,9.126666666666665,54900.0
1998-08-06,12.5,14.75,12.47,14.56,57866.666666666664,0.0,1.0,8.333333333333332,9.833333333333332,8.313333333333333,9.706666666666667,86800.0
1998-08-05,12.31,12.44,12.25,12.44,4466.666666666667,0.0,1.0,8.206666666666667,8.293333333333333,8.166666666666666,8.293333333333333,6700.0
1998-08-04,12.87,12.87,12.19,12.31,17000.0,0.0,1.0,8.579999999999998,8.579999999999998,8.126666666666665,8.206666666666667,25500.0
1998-08-03,12.75,13.5,12.5,12.87,16866.666666666668,0.0,1.0,8.5,9.0,8.333333333333332,8.579999999999998,25300.0
1998-07-31,12.38,12.87,12.31,12.63,25466.666666666668,0.0,1.0,8.253333333333334,8.579999999999998,8.206666666666667,8.42,38200.0
1998-07-30,12.63,12.75,12.25,12.25,151200.0,0.0,1.0,8.42,8.5,8.166666666666666,8.166666666666666,226800.0
1998-07-29,13.19,13.25,12.5,12.5,10600.0,0.0,1.0,8.793333333333333,8.833333333333332,8.333333333333332,8.333333333333332,15900.0
1998-07-28,13.56,13.62,12.87,13.25,21800.0,0.0,1.0,9.04,9.079999999999998,8.579999999999998,8.833333333333332,32700.0
1998-07-27,13.88,13.88,13.62,13.69,2200.0,0.0,1.0,9.253333333333334,9.253333333333334,9.079999999999998,9.126666666666665,3300.0
1998-07-24,14.19,14.19,14.0,14.0,14466.666666666666,0.0,1.0,9.459999999999999,9.459999999999999,9.333333333333332,9.333333333333332,21700.0
1998-07-23,14.06,14.06,14.0,14.06,17466.666666666668,0.0,1.0,9.373333333333333,9.373333333333333,9.333333333333332,9.373333333333333,26200.0
1998-07-22,14.06,14.19,14.06,14.13,3666.6666666666665,0.0,1.0,9.373333333333333,9.459999999999999,9.373333333333333,9.42,5500.0
1998-07-21,14.06,14.13,14.0,14.13,4866.666666666667,0.0,1.0,9.373333333333333,9.42,9.333333333333332,9.42,7300.0
1998-07-20,14.19,14.19,14.0,14.19,5000.0,0.0,1.0,9.459999999999999,9.459999999999999,9.333333333333332,9.459999999999999,7500.0
1998-07-17,13.88,14.19,13.88,14.19,9400.0,0.0,1.0,9.253333333333334,9.459999999999999,9.253333333333334,9.459999999999999,14100.0
1998-07-16,13.62,13.88,13.5,13.75,7466.666666666667,0.0,1.0,9.079999999999998,9.253333333333334,9.0,9.166666666666666,11200.0
1998-07-15,14.0,14.0,13.75,13.75,13600.0,0.0,1.0,9.333333333333332,9.333333333333332,9.166666666666666,9.166666666666666,20400.0
1998-07-14,14.13,14.31,14.0,14.13,9000.0,0.0,1.0,9.42,9.54,9.333333333333332,9.42,13500.0
1998-07-13,14.06,14.13,13.94,14.13,3066.6666666666665,0.0,1.0,9.373333333333333,9.42,9.293333333333333,9.42,4600.0
1998-07-10,14.25,14.31,14.06,14.19,12400.0,0.0,1.0,9.5,9.54,9.373333333333333,9.459999999999999,18600.0
1998-07-09,14.5,14.5,14.13,14.19,10800.0,0.0,1.0,9.666666666666666,9.666666666666666,9.42,9.459999999999999,16200.0
1998-07-08,14.56,14.56,14.5,14.5,14600.0,0.0,1.0,9.706666666666667,9.706666666666667,9.666666666666666,9.666666666666666,21900.0
1998-07-07,14.75,14.75,14.13,14.44,10266.666666666666,0.0,1.0,9.833333333333332,9.833333333333332,9.42,9.626666666666665,15400.0
1998-07-06,14.44,15.0,14.44,14.62,32400.0,0.0,1.0,9.626666666666665,10.0,9.626666666666665,9.746666666666666,48600.0
1998-07-02,14.0,14.37,14.0,14.37,6000.0,0.0,1.0,9.333333333333332,9.579999999999998,9.333333333333332,9.579999999999998,9000.0
1998-07-01,14.56,14.56,13.88,13.88,23800.0,0.0,1.0,9.706666666666667,9.706666666666667,9.253333333333334,9.253333333333334,35700.0
1998-06-30,14.75,14.75,14.62,14.69,5466.666666666667,0.0,1.0,9.833333333333332,9.833333333333332,9.746666666666666,9.793333333333333,8200.0
1998-06-29,14.88,14.88,14.75,14.75,13266.666666666666,0.0,1.0,9.92,9.92,9.833333333333332,9.833333333333332,19900.0
1998-06-26,14.94,14.94,14.81,14.81,20866.666666666668,0.0,1.0,9.959999999999999,9.959999999999999,9.873333333333333,9.873333333333333,31300.0
1998-06-25,14.94,14.94,14.81,14.88,3000.0,0.0,1.0,9.959999999999999,9.959999999999999,9.873333333333333,9.92,4500.0
1998-06-24,14.88,15.0,14.75,14.81,2600.0,0.0,1.0,9.92,10.0,9.833333333333332,9.873333333333333,3900.0
1998-06-23,14.69,14.88,14.69,14.81,7666.666666666667,0.0,1.0,9.793333333333333,9.92,9.793333333333333,9.873333333333333,11500.0
1998-06-22,14.88,14.88,14.75,14.81,7600.0,0.0,1.0,9.92,9.92,9.833333333333332,9.873333333333333,11400.0
1998-06-19,15.25,15.25,14.88,14.88,13800.0,0.0,1.0,10.166666666666666,10.166666666666666,9.92,9.92,20700.0
1998-06-18,15.75,15.75,15.5,15.5,6200.0,0.0,1.0,10.5,10.5,10.333333333333332,10.333333333333332,9300.0
1998-06-17,15.38,16.0,15.38,15.75,19800.0,0.0,1.0,10.253333333333334,10.666666666666666,10.253333333333334,10.5,29700.0
1998-06-16,14.37,15.38,14.37,15.19,37000.0,0.0,1.0,9.579999999999998,10.253333333333334,9.579999999999998,10.126666666666665,55500.0
1998-06-15,14.25,14.31,14.25,14.25,2866.6666666666665,0.0,1.0,9.5,9.54,9.5,9.5,4300.0
1998-06-12,14.75,14.75,14.31,14.5,7400.0,0.0,1.0,9.833333333333332,9.833333333333332,9.54,9.666666666666666,11100.0
1998-06-11,14.88,15.12,14.75,14.88,2800.0,0.0,1.0,9.92,10.079999999999998,9.833333333333332,9.92,4200.0
1998-06-10,15.63,15.63,15.0,15.0,100266.66666666667,0.0,1.0,10.42,10.42,10.0,10.0,150400.0
1998-06-09,14.0,15.38,14.0,15.38,24066.666666666668,0.0,1.0,9.333333333333332,10.253333333333334,9.333333333333332,10.253333333333334,36100.0
1998-06-08,13.56,13.88,13.56,13.88,49466.666666666664,0.0,1.0,9.04,9.253333333333334,9.04,9.253333333333334,74200.0
1998-06-05,13.69,13.69,13.44,13.5,51000.0,0.0,1.0,9.126666666666665,9.126666666666665,8.959999999999999,9.0,76500.0
1998-06-04,13.12,13.75,13.06,13.62,19266.666666666668,0.0,1.0,8.746666666666666,9.166666666666666,8.706666666666667,9.079999999999998,28900.0
1998-06-03,12.87,13.19,12.87,13.19,6666.666666666667,0.0,1.0,8.579999999999998,8.793333333333333,8.579999999999998,8.793333333333333,10000.0
1998-06-02,12.63,13.0,12.56,13.0,11400.0,0.0,1.0,8.42,8.666666666666666,8.373333333333333,8.666666666666666,17100.0
1998-06-01,12.87,13.0,12.63,12.75,44866.666666666664,0.0,1.0,8.579999999999998,8.666666666666666,8.42,8.5,67300.0
1998-05-29,13.12,13.19,12.69,12.75,74066.66666666667,0.0,1.0,8.746666666666666,8.793333333333333,8.459999999999999,8.5,111100.0
1998-05-28,13.44,13.5,13.0,13.06,415666.6666666667,0.0,1.0,8.959999999999999,9.0,8.666666666666666,8.706666666666667,623500.0
1998-05-27,13.62,13.88,13.12,13.38,152600.0,0.0,1.0,9.079999999999998,9.253333333333334,8.746666666666666,8.92,228900.0
1998-05-26,13.0,13.62,13.0,13.56,22666.666666666668,0.0,1.0,8.666666666666666,9.079999999999998,8.666666666666666,9.04,34000.0
1998-05-22,12.56,13.25,12.56,13.06,6600.0,0.0,1.0,8.373333333333333,8.833333333333332,8.373333333333333,8.706666666666667,9900.0
1998-05-21,12.87,12.87,12.25,12.63,107266.66666666667,0.0,1.0,8.579999999999998,8.579999999999998,8.166666666666666,8.42,160900.0
1998-05-20,13.0,13.0,12.87,12.94,99066.66666666667,0.0,1.0,8.666666666666666,8.666666666666666,8.579999999999998,8.626666666666665,148600.0
1998-05-19,13.0,13.0,12.56,13.0,128066.66666666667,0.0,1.0,8.666666666666666,8.666666666666666,8.373333333333333,8.666666666666666,192100.0
1998-05-18,13.62,13.62,13.25,13.31,4000.0,0.0,1.0,9.079999999999998,9.079999999999998,8.833333333333332,8.873333333333333,6000.0
1998-05-15,13.75,13.81,13.62,13.75,8800.0,0.0,1.0,9.166666666666666,9.206666666666667,9.079999999999998,9.166666666666666,13200.0
1998-05-14,13.88,13.88,13.81,13.88,20666.666666666668,0.0,1.0,9.253333333333334,9.253333333333334,9.206666666666667,9.253333333333334,31000.0
1998-05-13,13.75,13.94,13.75,13.88,58800.0,0.0,1.0,9.166666666666666,9.293333333333333,9.166666666666666,9.253333333333334,88200.0
1998-05-12,13.88,13.88,13.69,13.69,57666.666666666664,0.0,1.0,9.253333333333334,9.253333333333334,9.126666666666665,9.126666666666665,86500.0
1998-05-11,13.69,14.13,13.5,13.62,49866.666666666664,0.0,1.0,9.126666666666665,9.42,9.0,9.079999999999998,74800.0
1998-05-08,13.88,13.88,13.38,13.81,15200.0,0.0,1.0,9.253333333333334,9.253333333333334,8.92,9.206666666666667,22800.0
1998-05-07,13.5,14.5,13.5,13.88,73400.0,0.0,1.0,9.0,9.666666666666666,9.0,9.253333333333334,110100.0
1998-05-06,13.81,13.88,13.38,13.5,52266.666666666664,0.0,1.0,9.206666666666667,9.253333333333334,8.92,9.0,78400.0
1998-05-05,14.13,14.19,13.75,13.88,11600.0,0.0,1.0,9.42,9.459999999999999,9.166666666666666,9.253333333333334,17400.0
1998-05-04,14.62,14.69,14.13,14.25,10066.666666666666,0.0,1.0,9.746666666666666,9.793333333333333,9.42,9.5,15100.0
1998-05-01,14.88,14.88,14.75,14.75,2800.0,0.0,1.0,9.92,9.92,9.833333333333332,9.833333333333332,4200.0
1998-04-30,14.13,14.69,14.0,14.69,27000.0,0.0,1.0,9.42,9.793333333333333,9.333333333333332,9.793333333333333,40500.0
1998-04-29,14.62,14.62,13.88,14.06,18800.0,0.0,1.0,9.746666666666666,9.746666666666666,9.253333333333334,9.373333333333333,28200.0
1998-04-28,14.5,14.75,14.5,14.62,9600.0,0.0,1.0,9.666666666666666,9.833333333333332,9.666666666666666,9.746666666666666,14400.0
1998-04-27,15.12,15.12,14.5,14.62,35866.666666666664,0.0,1.0,10.079999999999998,10.079999999999998,9.666666666666666,9.746666666666666,53800.0
1998-04-24,15.75,16.0,15.38,15.38,12000.0,0.0,1.0,10.5,10.666666666666666,10.253333333333334,10.253333333333334,18000.0
1998-04-23,16.38,16.38,15.87,15.87,22066.666666666668,0.0,1.0,10.919999999999998,10.919999999999998,10.579999999999998,10.579999999999998,33100.0
1998-04-22,16.88,16.94,16.5,16.5,10066.666666666666,0.0,1.0,11.253333333333332,11.293333333333333,11.0,11.0,15100.0
1998-04-21,17.0,17.0,16.75,16.88,83000.0,0.0,1.0,11.333333333333332,11.333333333333332,11.166666666666666,11.253333333333332,124500.0
1998-04-20,16.31,16.88,16.31,16.88,30466.666666666668,0.0,1.0,10.873333333333331,11.253333333333332,10.873333333333331,11.253333333333332,45700.0
1998-04-17,16.38,16.62,16.38,16.44,18000.0,0.0,1.0,10.919999999999998,11.08,10.919999999999998,10.96,27000.0
1998-04-16,16.75,16.75,16.5,16.5,14600.0,0.0,1.0,11.166666666666666,11.166666666666666,11.0,11.0,21900.0
1998-04-15,16.75,16.88,16.69,16.69,18466.666666666668,0.0,1.0,11.166666666666666,11.253333333333332,11.126666666666667,11.126666666666667,27700.0
1998-04-14,16.38,16.62,16.25,16.62,9200.0,0.0,1.0,10.919999999999998,11.08,10.833333333333332,11.08,13800.0
1998-04-13,16.38,16.38,16.25,16.38,4666.666666666667,0.0,1.0,10.919999999999998,10.919999999999998,10.833333333333332,10.919999999999998,7000.0
1998-04-09,16.62,16.69,16.44,16.5,13466.666666666666,0.0,1.0,11.08,11.126666666666667,10.96,11.0,20200.0
1998-04-08,16.0,16.75,15.63,16.75,18466.666666666668,0.0,1.0,10.666666666666666,11.166666666666666,10.42,11.166666666666666,27700.0
1998-04-07,16.69,16.75,16.12,16.12,23466.666666666668,0.0,1.0,11.126666666666667,11.166666666666666,10.746666666666666,10.746666666666666,35200.0
1998-04-06,17.5,17.75,16.88,16.94,20200.0,0.0,1.0,11.666666666666666,11.833333333333332,11.253333333333332,11.293333333333333,30300.0
1998-04-03,17.5,17.62,17.0,17.31,39266.666666666664,0.0,1.0,11.666666666666666,11.746666666666666,11.333333333333332,11.54,58900.0
1998-04-02,17.25,17.62,17.0,17.37,36600.0,0.0,1.0,11.5,11.746666666666666,11.333333333333332,11.58,54900.0
1998-04-01,16.62,17.0,16.62,17.0,150866.66666666666,0.0,1.0,11.08,11.333333333333332,11.08,11.333333333333332,226300.0
1998-03-31,15.94,16.75,15.94,16.75,82800.0,0.0,1.0,10.626666666666665,11.166666666666666,10.626666666666665,11.166666666666666,124200.0
1998-03-30,15.75,15.94,15.63,15.81,41800.0,0.0,1.0,10.5,10.626666666666665,10.42,10.54,62700.0
1998-03-27,16.06,16.19,15.5,16.0,48400.0,0.0,1.0,10.706666666666665,10.793333333333333,10.333333333333332,10.666666666666666,72600.0
1998-03-26,16.0,16.0,15.25,16.0,69866.66666666667,0.0,1.0,10.666666666666666,10.666666666666666,10.166666666666666,10.666666666666666,104800.0
1998-03-25,14.62,15.87,14.5,15.87,132466.66666666666,0.0,1.0,9.746666666666666,10.579999999999998,9.666666666666666,10.579999999999998,198700.0
1998-03-24,15.25,15.5,14.37,14.5,66666.66666666667,0.0,1.0,10.166666666666666,10.333333333333332,9.579999999999998,9.666666666666666,100000.0
1998-03-23,13.75,15.25,13.5,15.0,331866.6666666667,0.0,1.0,9.166666666666666,10.166666666666666,9.0,10.0,497800.0
1998-03-20,12.5,13.0,12.5,12.94,19400.0,0.0,1.0,8.333333333333332,8.666666666666666,8.333333333333332,8.626666666666665,29100.0
1998-03-19,12.63,12.63,12.38,12.63,74800.0,0.0,1.0,8.42,8.42,8.253333333333334,8.42,112200.0
1998-03-18,12.25,12.63,12.25,12.38,17466.666666666668,0.0,1.0,8.166666666666666,8.42,8.166666666666666,8.253333333333334,26200.0
1998-03-17,12.63,12.63,12.25,12.25,21266.666666666668,0.0,1.0,8.42,8.42,8.166666666666666,8.166666666666666,31900.0
1998-03-16,13.0,13.0,12.63,12.75,127800.0,0.0,1.0,8.666666666666666,8.666666666666666,8.42,8.5,191700.0
1998-03-13,12.63,13.25,12.63,13.0,109266.66666666667,0.0,1.0,8.42,8.833333333333332,8.42,8.666666666666666,163900.0
1998-03-12,12.0,12.5,11.88,12.44,67266.66666666667,0.0,1.0,8.0,8.333333333333332,7.92,8.293333333333333,100900.0
1998-03-11,11.88,12.38,11.88,11.94,51600.0,0.0,1.0,7.92,8.253333333333334,7.92,7.959999999999999,77400.0
1998-03-10,11.88,12.12,11.5,11.88,138666.66666666666,0.0,1.0,7.92,8.079999999999998,7.666666666666666,7.92,208000.0
1998-03-09,12.12,12.38,11.88,11.88,20400.0,0.0,1.0,8.079999999999998,8.253333333333334,7.92,7.92,30600.0
1998-03-06,12.06,12.12,11.88,12.12,10000.0,0.0,1.0,8.04,8.079999999999998,7.92,8.079999999999998,15000.0
1998-03-05,12.12,12.12,11.75,12.06,34400.0,0.0,1.0,8.079999999999998,8.079999999999998,7.833333333333333,8.04,51600.0
1998-03-04,12.38,12.5,11.88,12.25,20666.666666666668,0.0,1.0,8.253333333333334,8.333333333333332,7.92,8.166666666666666,31000.0
1998-03-03,12.0,12.5,11.88,12.5,47866.666666666664,0.0,1.0,8.0,8.333333333333332,7.92,8.333333333333332,71800.0
1998-03-02,11.88,12.0,11.88,11.94,100666.66666666667,0.0,1.0,7.92,8.0,7.92,7.959999999999999,151000.0
1998-02-27,11.94,12.0,11.75,11.94,19400.0,0.0,1.0,7.959999999999999,8.0,7.833333333333333,7.959999999999999,29100.0
1998-02-26,11.37,12.12,11.37,11.94,58000.0,0.0,1.0,7.579999999999999,8.079999999999998,7.579999999999999,7.959999999999999,87000.0
1998-02-25,11.62,11.62,11.25,11.5,86000.0,0.0,1.0,7.746666666666666,7.746666666666666,7.5,7.666666666666666,129000.0
1998-02-24,11.81,11.88,11.31,11.5,174200.0,0.0,1.0,7.873333333333333,7.92,7.54,7.666666666666666,261300.0
1998-02-23,11.75,11.88,11.44,11.88,40400.0,0.0,1.0,7.833333333333333,7.92,7.626666666666666,7.92,60600.0
1998-02-20,12.12,12.25,11.37,11.69,136466.66666666666,0.0,1.0,8.079999999999998,8.166666666666666,7.579999999999999,7.793333333333333,204700.0
1998-02-19,12.63,13.0,12.25,12.25,156666.66666666666,0.0,1.0,8.42,8.666666666666666,8.166666666666666,8.166666666666666,235000.0
1998-02-18,11.88,12.5,11.81,12.5,93800.0,0.0,1.0,7.92,8.333333333333332,7.873333333333333,8.333333333333332,140700.0
1998-02-17,11.62,11.88,11.62,11.75,88400.0,0.0,1.0,7.746666666666666,7.92,7.746666666666666,7.833333333333333,132600.0
1998-02-13,11.37,11.5,11.13,11.25,336000.0,0.0,1.0,7.579999999999999,7.666666666666666,7.42,7.5,504000.0
1998-02-12,11.0,11.75,11.0,11.25,2602466.6666666665,0.0,1.0,7.333333333333333,7.833333333333333,7.333333333333333,7.5,3903700.0
